6.337110000000000021e+00 4.872340999999999589e+00 5.657089000000000034e+00
5.643127999999999922e+00 6.646187000000000289e+00 1.439669000000000088e+00
4.615454999999999863e+00 8.319900000000000517e+00 3.403437999999999963e+00
7.081348000000000198e+00 7.190889000000000308e+00 1.317781000000000091e+00
5.063024999999999665e+00 6.924286000000000385e+00 6.200410999999999895e+00
7.665197000000000038e+00 6.861473000000000155e+00 6.945024000000000086e+00
5.285147000000000261e+00 4.027473999999999776e+00 6.651837999999999695e+00
8.855070000000000441e-01 2.170342000000000215e+00 5.091590000000000060e+00
4.799261000000000443e+00 2.563139000000000056e+00 2.743018999999999874e+00
8.558312000000000808e+00 4.891586000000000212e+00 8.628265000000000740e+00
4.934325000000000294e+00 4.564803000000000388e+00 7.103024999999999700e+00
2.382509999999999906e+00 5.981010000000000382e+00 3.079528999999999961e+00
3.135461999999999971e+00 5.212314000000000114e+00 6.527521000000000129e+00
8.385808000000000817e+00 6.509252000000000038e+00 5.353234999999999744e+00
5.849358999999999753e+00 6.455784999999999663e+00 5.128629000000000104e+00
6.888058000000000014e+00 6.008464000000000027e+00 9.220489999999999853e+00
6.547156000000000198e+00 8.524537999999999727e+00 5.543745999999999619e+00
4.489084000000000074e+00 5.797958999999999641e+00 8.263270000000000337e+00
2.784619999999999873e+00 1.149804999999999966e+00 2.706332000000000182e+00
6.756272000000000055e+00 6.515893000000000157e+00 3.755361999999999867e+00
9.198280000000000456e+00 4.702856999999999843e+00 2.075921999999999823e+00
4.940306999999999782e+00 6.292900000000000160e-01 5.618739999999999846e-01
6.097336000000000311e+00 2.771142000000000216e+00 8.781506999999999508e+00
6.185436000000000156e+00 4.287174000000000262e+00 3.094975999999999949e+00
2.685216000000000047e+00 2.451893000000000100e+00 1.694743000000000110e+00
7.003891000000000311e+00 6.361962000000000117e+00 2.324262000000000050e+00
5.594846999999999682e+00 1.797323000000000004e+00 2.823401000000000050e+00
5.234142000000000294e+00 6.576270000000000060e+00 4.236494999999999678e+00
7.735182000000000002e+00 7.502253999999999756e+00 7.799706999999999724e+00
6.585717999999999961e+00 3.509517000000000220e+00 2.112769000000000119e+00
4.285374000000000017e+00 5.825967000000000340e+00 4.348854000000000219e+00
6.553827000000000069e+00 7.167580000000000062e+00 7.610313999999999801e+00
3.957170000000000076e+00 2.675396999999999803e+00 3.423989000000000171e+00
8.644878000000000284e+00 1.159886999999999890e+00 7.242697999999999858e+00
3.592260000000000009e+00 3.374553999999999832e+00 4.316035000000000288e+00
8.849296999999999969e+00 9.716044000000000125e+00 5.952331000000000039e+00
2.252560000000000118e-01 5.028551000000000215e+00 2.622268000000000043e+00
2.588451000000000057e+00 3.526273999999999909e+00 1.819091999999999931e+00
4.445185999999999638e+00 5.717998999999999832e+00 5.268517000000000117e+00
4.153773000000000160e+00 4.195700999999999681e+00 5.362845000000000084e+00
7.641753999999999714e+00 4.184104999999999741e+00 4.238690000000000069e+00
4.866666999999999632e+00 1.116570000000000062e+00 5.567610000000000170e+00
9.048509999999999609e-01 2.123457000000000150e+00 6.294042000000000137e+00
1.606498999999999899e+00 5.346534000000000120e+00 4.336521000000000292e+00
3.025717999999999908e+00 3.660638000000000059e+00 3.872479999999999922e+00
5.494501999999999775e+00 7.307870000000000310e+00 4.084781999999999691e+00
8.304729000000000028e+00 3.468595000000000095e+00 8.898853000000000790e+00
5.882628000000000412e+00 6.592455000000000176e+00 9.008514999999999162e+00
5.130341999999999736e+00 5.498459999999999681e+00 2.595717000000000052e+00
6.508323999999999998e+00 3.300397999999999943e+00 2.972456999999999905e+00
3.440155999999999992e+00 3.875583999999999918e+00 4.234232999999999691e+00
2.656216000000000133e+00 6.745440000000000325e+00 6.257184999999999775e+00
3.398089000000000137e+00 5.543347999999999942e+00 6.753288000000000402e+00
3.684365999999999808e+00 6.043881999999999977e+00 5.623739999999999739e+00
2.223530999999999924e+00 9.646321000000000367e+00 4.274973000000000134e+00
1.563957000000000042e+00 3.322049999999999947e+00 5.744920999999999722e+00
5.710699999999999665e-01 2.802153000000000116e+00 3.100763999999999854e+00
2.749379999999999935e+00 9.789726999999999180e+00 3.077087999999999823e+00
3.388665000000000038e+00 2.963762000000000008e+00 2.906159999999999854e+00
2.163234999999999797e+00 3.514745000000000008e+00 1.247279999999999944e+00
4.381991000000000192e+00 5.895426999999999751e+00 3.926470000000000127e+00
4.162888999999999839e+00 1.807371999999999979e+00 1.120808000000000026e+00
5.516968000000000316e+00 5.597335000000000171e+00 4.777369000000000199e+00
8.690944000000000003e+00 5.394980999999999582e+00 5.765229999999999855e+00
5.063104000000000049e+00 2.394660000000000011e+00 5.279736999999999902e+00
9.150040000000000617e+00 5.580058000000000185e+00 5.330807000000000073e+00
9.914094000000000406e+00 2.275007000000000001e+00 7.872480999999999618e+00
5.188537000000000177e+00 1.346923000000000092e+00 6.062835999999999892e+00
3.054775999999999936e+00 6.123623000000000260e+00 1.427702000000000027e+00
3.350465999999999944e+00 3.867309000000000108e+00 4.930907999999999625e+00
7.114482999999999890e+00 8.535776000000000252e+00 2.621782000000000057e+00
7.931943000000000410e+00 2.784089999999999954e+00 5.490172000000000274e+00
2.947897999999999907e+00 6.266748999999999903e+00 1.836371999999999893e+00
2.774631999999999987e+00 4.647511999999999865e+00 6.508186000000000249e+00
6.967983000000000260e+00 2.374687999999999910e+00 7.579659999999999620e+00
6.614525000000000432e+00 4.260613000000000206e+00 5.238004000000000104e+00
3.507378000000000107e+00 4.687419000000000224e+00 6.135525999999999591e+00
2.304635999999999907e+00 2.633515000000000050e+00 3.509535000000000071e+00
8.232646000000000797e+00 3.532007999999999814e+00 6.947273000000000032e+00
6.826209999999999667e+00 5.474923000000000428e+00 5.579645000000000188e+00
4.600816000000000017e+00 5.534298999999999857e+00 4.379387000000000363e+00
4.378130999999999773e+00 4.725886000000000031e+00 6.627995000000000303e+00
6.599618999999999680e+00 4.623992000000000324e+00 3.573698999999999959e+00
6.764186999999999728e+00 3.198266999999999971e+00 7.326497999999999955e+00
3.697118999999999822e+00 5.848338000000000036e+00 6.011333999999999733e+00
6.603987000000000052e+00 8.548458000000000112e+00 1.747357999999999967e+00
6.180272000000000432e+00 4.882508999999999766e+00 6.661680999999999742e+00
5.533390999999999948e+00 3.188445000000000196e+00 2.154507000000000172e+00
4.443897999999999904e+00 4.804108000000000267e+00 5.409244000000000163e+00
5.078025000000000233e+00 6.720799999999999663e+00 4.755908999999999942e+00
8.205249999999999488e+00 4.976437999999999917e+00 1.938082000000000082e+00
2.724193999999999782e+00 5.064038000000000039e+00 7.398888000000000353e+00
5.563132000000000410e+00 3.658758000000000177e+00 6.304877000000000287e+00
5.443722000000000172e+00 5.635398000000000351e+00 2.157703999999999844e+00
6.351964999999999861e+00 2.378744999999999887e+00 5.964426999999999701e+00
5.289689000000000085e+00 4.939261000000000124e+00 6.353524000000000171e+00
1.926371999999999973e+00 3.217417000000000193e+00 5.996979999999999755e+00
6.185887000000000135e+00 9.506458999999999548e+00 9.644823000000000590e+00
5.194327999999999612e+00 4.459270000000000178e-01 6.878769000000000133e+00
4.925199000000000105e+00 4.026051999999999964e+00 4.258186000000000249e+00
7.260156000000000276e+00 9.506871000000000294e+00 1.936585000000000001e+00
3.175171000000000188e+00 3.531731000000000176e+00 8.245938000000000656e+00
5.848863999999999841e+00 2.827596999999999916e+00 4.636696999999999846e+00
4.158718999999999610e+00 8.557591999999999643e+00 6.289049000000000333e+00
8.013203999999999994e+00 8.213616999999999280e+00 8.845765000000000100e+00
4.174794999999999590e+00 4.272708999999999868e+00 8.600989999999999469e-01
4.008034999999999570e+00 6.911304000000000336e+00 2.134729999999999961e-01
8.122218000000000160e+00 9.428857000000000710e+00 8.595221999999999696e+00
5.683099999999999596e+00 5.439697999999999922e+00 4.065859999999999808e+00
6.935595000000000176e+00 3.317800999999999778e+00 2.804244000000000181e+00
7.568629999999999747e+00 3.695409999999999862e+00 2.584347000000000172e+00
4.535991000000000106e+00 2.980259999999999909e+00 6.438887000000000249e+00
4.729959000000000024e+00 2.129900999999999822e+00 7.697022999999999726e+00
5.810783999999999949e+00 6.838900999999999897e+00 7.092895999999999646e+00
2.544900000000000162e+00 1.365218000000000043e+00 5.583626999999999896e+00
4.433785999999999561e+00 2.204695000000000071e+00 3.956325999999999787e+00
2.804501999999999828e+00 4.356034000000000184e+00 7.776919000000000359e+00
6.976881999999999806e+00 3.091740000000000155e+00 4.859994999999999621e+00
4.272139999999999826e-01 4.855160999999999838e+00 5.505785000000000373e+00
5.736716000000000371e+00 8.209872000000000725e+00 6.757274999999999920e+00
4.515947999999999851e+00 4.120283999999999835e+00 7.984553000000000011e+00
6.716732000000000369e+00 6.463195999999999941e+00 2.340428000000000175e+00
2.889400999999999886e+00 5.620172000000000168e+00 8.246717000000000297e+00
7.097841999999999985e+00 2.961450000000000138e+00 1.990078000000000014e+00
5.686857999999999969e+00 3.147832999999999881e+00 1.631720000000000115e-01
3.220349000000000128e+00 5.640105000000000146e+00 4.814936000000000327e+00
3.342095000000000038e+00 5.841164000000000023e+00 3.760600999999999861e+00
5.129086000000000034e+00 6.232670999999999850e+00 8.382930999999999244e+00
6.416389999999999594e-01 5.015636999999999901e+00 3.996375000000000011e+00
5.895438999999999652e+00 7.802130000000000010e+00 6.396594999999999587e+00
5.534303999999999668e+00 5.225492000000000026e+00 5.140055000000000263e+00
1.426098000000000088e+00 6.214076999999999629e+00 4.125371000000000343e+00
1.759528999999999899e+00 6.653862000000000165e+00 3.716559000000000168e+00
5.646942000000000128e+00 3.780942000000000025e+00 4.242548000000000208e+00
5.813182000000000293e+00 7.505126999999999882e+00 7.177444000000000379e+00
5.212475000000000414e+00 8.378951000000000704e+00 6.677920000000000300e+00
2.659651999999999905e+00 6.515289000000000108e+00 5.080262000000000278e+00
7.878398999999999930e+00 6.238686999999999649e+00 4.144237999999999644e+00
6.707061999999999635e+00 7.209325999999999901e+00 4.835816999999999588e+00
4.110616000000000270e+00 9.147140000000000271e+00 4.774168000000000411e+00
5.129609999999999559e+00 7.214368000000000336e+00 5.762199999999999545e-01
6.282106999999999886e+00 4.673097000000000278e+00 4.666403999999999996e+00
7.351886000000000365e+00 5.601587000000000316e+00 2.615807000000000215e+00
8.595098999999999378e+00 7.554389999999999716e-01 6.620864000000000082e+00
4.627458999999999989e+00 1.370594000000000090e+00 3.096222000000000030e+00
4.558942000000000050e+00 7.388349999999999973e+00 7.175011999999999723e+00
1.749595000000000011e+00 3.004204000000000097e+00 6.182108000000000381e+00
2.781738999999999962e+00 1.778238999999999903e+00 2.939655999999999825e+00
8.355244000000000781e+00 2.978574000000000055e+00 7.041197999999999624e+00
4.257029000000000174e+00 5.587944000000000244e+00 6.207435000000000258e+00
1.742410999999999932e+00 3.954330000000000123e+00 3.114821000000000062e+00
5.887926000000000215e+00 6.680318999999999896e+00 8.686825000000000685e+00
2.677751999999999910e+00 5.566912999999999556e+00 6.152918999999999805e+00
7.882109999999999950e-01 4.837998999999999938e+00 2.671945000000000014e+00
4.596947000000000116e+00 5.844092999999999982e+00 7.634870000000000267e+00
6.680946999999999747e+00 2.916786999999999797e+00 4.248753999999999920e+00
6.776862000000000386e+00 6.003492999999999746e+00 4.139137999999999984e+00
5.890001999999999960e+00 1.801836999999999911e+00 6.677044000000000423e+00
8.555545000000000400e+00 3.011241000000000057e+00 1.435740000000000016e+00
7.584615000000000329e+00 6.628524999999999778e+00 6.912015000000000242e+00
4.478780000000000427e+00 5.781100999999999601e+00 5.638264000000000387e+00
2.142875999999999781e+00 2.030374000000000123e+00 4.246755000000000280e+00
5.507367000000000345e+00 1.994925000000000059e+00 7.951550000000000118e+00
7.898201000000000249e+00 3.767314999999999969e+00 5.725187000000000026e+00
4.526436000000000348e+00 5.847204999999999764e+00 7.414830000000000254e+00
5.445890999999999593e+00 2.593777999999999917e+00 1.111969999999999903e+00
2.999582999999999888e+00 6.734801000000000037e+00 3.339208999999999872e+00
6.488845000000000418e+00 1.257843000000000044e+00 6.033641000000000254e+00
2.489017000000000035e+00 5.454441000000000095e+00 9.935924999999999230e+00
7.691131000000000384e+00 5.453027999999999764e+00 6.239678999999999753e+00
7.452670000000000350e+00 4.714495999999999576e+00 6.591630000000000322e+00
3.935868000000000144e+00 4.057858999999999661e+00 8.643333000000000155e+00
3.563575999999999855e+00 4.554135999999999740e+00 2.897628000000000092e+00
4.185890999999999806e+00 4.216457000000000122e+00 4.089223999999999748e+00
6.544132000000000282e+00 2.969192000000000053e+00 7.039106000000000307e+00
3.130808000000000035e+00 7.968259999999999899e+00 5.953147999999999662e+00
4.232806000000000068e+00 3.020720999999999989e+00 4.888575999999999588e+00
8.053046000000000149e+00 4.329041000000000139e+00 7.060595000000000176e+00
7.550158999999999843e+00 1.668355000000000032e+00 3.493234999999999868e+00
8.276930000000000121e+00 2.815751999999999811e+00 7.306102000000000096e+00
3.806102999999999792e+00 2.846487000000000211e+00 8.597675000000000622e+00
3.995432999999999790e+00 1.271039999999999948e+00 6.501483000000000345e+00
8.833092999999999861e+00 8.837424999999999642e+00 4.492841000000000307e+00
7.705801000000000123e+00 5.848543000000000269e+00 5.118256999999999834e+00
4.765125000000000277e+00 8.342292999999999736e+00 1.113080000000000069e+00
7.847018000000000271e+00 1.883718999999999921e+00 9.067714000000000496e+00
7.632487000000000243e+00 6.646626999999999619e+00 7.825811999999999991e+00
1.304659999999999931e+00 2.414534999999999876e+00 5.256395999999999624e+00
7.095182000000000322e+00 4.089757999999999782e+00 4.470536000000000065e+00
3.668283999999999878e+00 4.970589999999999620e+00 4.520869000000000248e+00
2.685508000000000006e+00 4.788507000000000069e+00 4.626902000000000292e+00
8.452828000000000230e+00 5.563049999999999606e+00 5.216522000000000325e+00
3.127505000000000202e+00 1.619100999999999901e+00 4.225759000000000043e+00
3.037123999999999935e+00 7.269622000000000028e+00 5.554287999999999670e+00
4.879160999999999859e+00 4.708838000000000079e+00 3.133354000000000195e+00
9.815420000000000256e-01 5.008661000000000030e+00 3.352774999999999839e+00
8.810339000000000809e+00 4.939714999999999634e+00 7.442459999999999631e+00
5.143481999999999665e+00 3.492316999999999894e+00 4.834340000000000082e+00
6.426497999999999600e+00 3.871782000000000057e+00 5.267074000000000034e+00
9.101989999999999803e-01 6.345246000000000386e+00 4.811656000000000155e+00
4.072936999999999585e+00 2.256809000000000065e+00 2.334038000000000057e+00
4.316746000000000194e+00 4.438134999999999941e+00 2.513818999999999804e+00
4.075194999999999901e+00 3.862817000000000167e+00 4.561040000000000205e+00
4.929166000000000381e+00 6.655909000000000297e+00 3.040357000000000198e+00
6.235121000000000357e+00 6.764658999999999978e+00 4.950961000000000389e+00
8.106203000000000713e+00 3.464825999999999961e+00 4.304279000000000188e+00
1.855197999999999903e+00 3.971063000000000009e+00 9.017163000000000039e+00
4.730300999999999867e+00 9.457057999999999964e+00 3.012553000000000036e+00
4.111886000000000152e+00 6.792532999999999710e+00 8.114502999999999133e+00
6.508268000000000164e+00 5.447059000000000317e+00 5.402136999999999745e+00
8.196379000000000303e+00 5.448552000000000284e+00 5.054782999999999582e+00
5.791789999999999772e+00 5.301807000000000158e+00 5.957406999999999897e+00
1.499913000000000052e+00 8.350251000000000090e+00 9.643136000000000152e+00
5.408858000000000388e+00 6.438774000000000441e+00 5.453560000000000407e+00
8.669745999999999952e+00 1.549312999999999940e+00 8.671454000000000661e+00
1.014278000000000013e+00 4.290856999999999921e+00 5.010645000000000238e+00
3.955722999999999878e+00 3.944745999999999864e+00 6.801047999999999760e+00
2.301956000000000113e+00 3.311471000000000053e+00 7.836316000000000059e+00
2.079274999999999984e+00 5.180164000000000435e+00 3.910585000000000200e+00
5.113348000000000226e+00 4.757564999999999600e+00 4.234780999999999906e+00
4.538522999999999641e+00 1.637663000000000091e+00 2.327129999999999921e+00
3.179246000000000016e+00 6.787744000000000000e+00 2.160646999999999984e+00
8.402220000000000244e-01 8.110291000000000139e+00 4.193319999999999936e+00
2.064479999999999926e-01 6.322059999999999569e+00 8.306979000000000113e+00
6.576839999999999797e+00 8.027399000000000839e+00 3.805439999999999934e+00
5.568982000000000099e+00 5.984206999999999610e+00 4.552449000000000190e+00
6.548284999999999911e+00 7.531595000000000262e+00 8.152585000000000193e+00
7.989404999999999646e+00 5.634830000000000005e+00 2.277198999999999973e+00
5.278310000000000279e+00 6.271346999999999561e+00 6.526672999999999725e+00
4.423549000000000397e+00 6.411427999999999905e+00 3.931874000000000091e+00
6.240910999999999653e+00 6.961268999999999707e+00 3.101118000000000041e+00
2.682824999999999793e+00 4.858411000000000257e+00 5.198407999999999696e+00
2.910119999999999929e-01 4.989179000000000030e+00 9.266581999999999653e+00
4.176300000000000012e-01 3.321134999999999948e+00 7.157039000000000151e+00
3.647441000000000155e+00 2.086200999999999972e+00 5.548549000000000397e+00
8.452322000000000557e+00 2.910311000000000092e+00 6.271887999999999685e+00
6.903373000000000204e+00 6.107466999999999757e+00 8.906786999999999566e+00
4.038503000000000398e+00 2.575197999999999876e+00 6.085854000000000319e+00
6.453471999999999653e+00 7.852285000000000181e+00 5.281725999999999921e+00
7.775026999999999688e+00 5.451089999999999769e+00 7.948522999999999783e+00
8.507562000000000069e+00 5.577074999999999783e+00 7.253794000000000075e+00
9.359180000000000277e-01 5.595311999999999841e+00 4.864650000000000141e+00
7.510024999999999729e+00 5.557959999999999567e-01 4.095664000000000193e+00
5.088657000000000430e+00 6.502063999999999844e+00 7.922721000000000124e+00
4.945208000000000048e+00 1.797741000000000033e+00 2.504560999999999815e+00
5.665648000000000017e+00 4.607121000000000244e+00 3.408107000000000220e+00
3.961251999999999995e+00 4.927076999999999707e+00 4.956985000000000419e+00
1.525692999999999966e+00 4.753906999999999883e+00 1.423157999999999923e+00
6.828081000000000067e+00 2.986343000000000192e+00 9.782499999999999529e-01
7.137815999999999939e+00 3.307326999999999906e+00 1.088098999999999927e+00
8.357806999999999320e+00 4.549904999999999866e+00 4.757537000000000127e+00
8.012864000000000431e+00 6.005645000000000344e+00 5.864487999999999701e+00
4.112697999999999965e+00 5.102146000000000292e+00 7.372116000000000113e+00
6.511087999999999987e+00 4.409499000000000279e+00 6.276829000000000214e+00
3.261610000000000120e+00 2.302474000000000132e+00 7.880167000000000144e+00
5.901912000000000269e+00 6.659953999999999930e+00 4.688109999999999999e+00
8.886357999999999535e+00 3.009020000000000028e+00 6.415804999999999758e+00
7.342648999999999759e+00 3.102679000000000187e+00 6.646957999999999700e+00
5.428179000000000087e+00 8.099536000000000513e+00 8.317726000000000397e+00
4.477996000000000087e+00 2.505396000000000178e+00 1.778642999999999974e+00
6.786845999999999712e+00 3.460677000000000003e+00 5.944467000000000390e+00
8.798300000000000010e-01 5.566676000000000180e+00 4.167855999999999561e+00
2.525770000000000071e+00 3.150507000000000168e+00 2.004916000000000142e+00
6.061608999999999803e+00 3.915204999999999824e+00 7.612738000000000227e+00
6.296407000000000309e+00 5.718725000000000058e+00 3.144740999999999786e+00
4.075808000000000320e+00 5.997624000000000066e+00 5.604243999999999559e+00
5.505855000000000388e+00 3.172975000000000101e+00 6.974864000000000175e+00
6.846824999999999939e+00 8.337828000000000017e+00 4.958772999999999875e+00
7.748522999999999605e+00 8.063518000000000185e+00 6.669114999999999682e+00
1.440320999999999962e+00 3.617315000000000058e+00 5.195130999999999943e+00
5.166668999999999734e+00 7.501795999999999687e+00 5.211190000000000211e+00
6.333142999999999745e+00 6.503697999999999979e+00 7.402921000000000085e+00
1.924277000000000015e+00 4.791920000000000179e+00 2.441564000000000068e+00
5.552236999999999867e+00 6.237319000000000280e+00 3.994187000000000154e+00
5.423284999999999911e+00 2.251322000000000045e+00 2.971054999999999779e+00
2.526221000000000050e+00 5.658241000000000298e+00 8.496674000000000504e+00
6.598404000000000380e+00 3.323929999999999829e+00 2.148251000000000133e+00
2.967178999999999789e+00 4.324358000000000146e+00 6.236877999999999922e+00
5.090639999999999610e+00 7.818173999999999957e+00 7.243613999999999997e+00
5.753363000000000227e+00 7.307487000000000066e+00 2.406492000000000075e+00
2.571177000000000046e+00 4.315560999999999758e+00 4.317605000000000359e+00
5.333292000000000144e+00 3.389123000000000108e+00 1.845664999999999889e+00
1.136739999999999973e-01 5.500866000000000255e+00 9.035970999999999975e+00
3.281445999999999863e+00 6.177406999999999648e+00 2.656906000000000212e+00
8.152274000000000242e+00 4.966904000000000430e+00 4.876422999999999952e+00
6.513724999999999987e+00 8.329492000000000118e+00 7.560127999999999737e+00
5.943395999999999901e+00 4.327302000000000426e+00 5.208452000000000304e+00
7.961084999999999745e+00 4.093149999999999622e+00 9.267113999999999407e+00
7.560461000000000098e+00 4.239035000000000331e+00 4.275845999999999592e+00
3.671553999999999984e+00 1.364548000000000094e+00 7.157210000000000072e+00
3.800219999999999931e+00 4.201626000000000083e+00 3.485084000000000071e+00
6.551535000000000331e+00 3.047233999999999998e+00 8.619299999999999740e-01
2.173738000000000170e+00 6.583336000000000077e+00 6.778764999999999930e+00
8.185382999999999853e+00 4.553321000000000396e+00 6.117983999999999867e+00
7.339347000000000065e+00 8.719141000000000474e+00 7.476465000000000138e+00
4.546254000000000239e+00 5.461390999999999885e+00 9.124651000000000067e+00
5.778293999999999819e+00 4.489016000000000339e+00 7.157511000000000401e+00
5.015862000000000265e+00 4.850984999999999658e+00 7.308233999999999675e+00
4.814276000000000444e+00 6.852464000000000333e+00 6.522418000000000049e+00
9.175079999999999902e-01 5.891834000000000238e+00 6.615797999999999845e+00
5.953483000000000303e+00 3.313474999999999948e+00 5.866647000000000389e+00
7.817655000000000243e+00 4.538362000000000229e+00 7.234454999999999636e+00
1.991757999999999917e+00 2.328739000000000114e+00 2.934861999999999860e+00
6.975381999999999749e+00 4.611088999999999771e+00 4.511008999999999602e+00
4.217665000000000219e+00 3.218548000000000187e+00 4.714633000000000074e+00
4.720962000000000103e+00 7.404272999999999882e+00 4.411794000000000437e+00
2.605399999999999938e+00 7.015702000000000105e+00 3.115123000000000086e+00
6.882422000000000040e+00 4.132020999999999944e+00 7.601963999999999722e+00
5.498420000000000307e+00 2.700266000000000055e+00 5.706463000000000285e+00
3.325514000000000081e+00 6.646281000000000105e+00 2.411366000000000120e+00
5.493816999999999950e+00 4.165934000000000026e+00 6.304813000000000223e+00
1.107725999999999988e+00 6.621006000000000391e+00 3.802256999999999998e+00
5.820318000000000325e+00 6.366315000000000168e+00 7.585816999999999588e+00
4.904200999999999588e+00 5.152504999999999669e+00 1.446174000000000071e+00
2.862835000000000019e+00 5.943938000000000166e+00 4.016614999999999824e+00
3.608909999999999840e+00 2.233490000000000197e+00 5.672721000000000124e+00
4.308142000000000138e+00 1.552874000000000088e+00 9.144526000000000820e+00
2.506508999999999876e+00 6.551851000000000091e+00 4.184505999999999837e+00
3.816235999999999962e+00 7.280158000000000129e+00 6.068209999999999660e+00
6.768265999999999671e+00 6.886565000000000047e+00 8.987923000000000329e+00
3.973558999999999841e+00 2.095413000000000192e+00 7.271878000000000064e+00
5.194936000000000220e+00 5.107454999999999856e+00 6.162461000000000411e+00
7.028465999999999880e+00 4.872873000000000232e+00 5.201595000000000191e+00
8.143905000000000172e+00 6.913346999999999909e+00 6.524230000000000196e+00
5.333375000000000199e+00 9.394776000000000238e+00 8.127490999999999133e+00
8.541520999999999475e+00 1.968307999999999947e+00 5.578946000000000183e+00
8.410720000000000418e-01 1.502877999999999936e+00 3.812799000000000049e+00
7.223514999999999908e+00 1.236995000000000067e+00 6.313016000000000183e+00
2.276381999999999906e+00 6.732286000000000215e+00 7.542131000000000363e+00
6.402205000000000368e+00 5.157798999999999801e+00 7.415484000000000187e+00
5.530796999999999741e+00 3.842004000000000197e+00 6.177840999999999916e+00
5.034163000000000388e+00 7.543402000000000385e+00 1.712833999999999968e+00
3.385266999999999804e+00 7.996158000000000321e+00 6.166478999999999822e+00
2.415248000000000062e+00 4.044852999999999810e+00 3.550378999999999952e+00
8.325212000000000501e+00 5.273105000000000153e+00 8.901327999999999463e+00
4.153294999999999959e+00 3.890960999999999892e+00 6.732623000000000246e+00
1.850120999999999905e+00 4.476107999999999976e+00 9.186013000000000872e+00
6.245191000000000159e+00 3.999652999999999903e+00 8.803112000000000492e+00
3.700498000000000065e+00 3.357896999999999910e+00 2.782112999999999836e+00
1.478439000000000059e+00 1.081228999999999996e+00 5.375701000000000285e+00
8.175820000000000309e-01 3.217411999999999939e+00 8.218469999999999942e+00
3.472239000000000075e+00 6.125617000000000090e+00 1.906721000000000110e+00
7.731660999999999895e+00 5.498534000000000255e+00 7.122948000000000057e+00
2.602360000000000007e+00 2.373607999999999940e+00 6.010436000000000334e+00
6.747856999999999772e+00 5.543566000000000216e+00 2.759659000000000084e+00
3.480356000000000005e+00 6.088989999999999680e-01 6.672633000000000258e+00
8.295284999999999798e+00 2.917339000000000127e+00 5.201914999999999623e+00
6.266884000000000121e+00 6.396740999999999566e+00 6.719871000000000372e+00
3.379287000000000152e+00 3.160140000000000171e+00 1.901621000000000006e+00
3.557259999999999867e-01 5.869031999999999805e+00 8.046096999999999611e+00
6.583961999999999648e+00 5.284819999999999851e+00 6.569329999999999892e+00
6.236438999999999844e+00 5.880685999999999858e+00 1.585798999999999959e+00
7.962036999999999587e+00 6.465607000000000326e+00 1.386392999999999986e+00
7.490217999999999599e+00 2.449847000000000108e+00 1.040294999999999970e+00
4.652595999999999954e+00 8.154514999999999958e+00 7.406324999999999825e+00
2.127600999999999853e+00 3.403815999999999953e+00 6.689550999999999803e+00
9.970499000000000223e+00 4.232255000000000322e+00 9.741331999999999880e+00
5.531190000000000273e-01 5.685565000000000424e+00 5.052061000000000135e+00
2.509154999999999802e+00 4.117561000000000249e+00 2.600626000000000104e+00
4.753800000000000026e+00 7.268085000000000129e+00 4.610928999999999611e+00
4.794985999999999748e+00 8.298251999999999740e+00 6.290167000000000286e+00
6.925544000000000366e+00 6.444626000000000410e+00 5.260755999999999766e+00
3.721410000000000107e+00 3.912170999999999843e+00 3.479408999999999974e+00
5.098476999999999926e+00 5.156417000000000250e+00 6.527148999999999646e+00
3.901714999999999822e+00 4.661258000000000123e+00 9.022045999999999566e+00
7.105317000000000327e+00 3.971563000000000176e+00 3.975173999999999985e+00
3.865962999999999816e+00 6.700120000000000076e+00 8.360350999999999644e+00
3.955942999999999987e+00 1.841858999999999913e+00 6.691707000000000072e+00
8.390260000000000495e-01 1.564510000000000067e-01 8.402255999999999503e+00
9.604692000000000007e+00 3.081757000000000080e+00 7.514255999999999602e+00
6.496406999999999599e+00 8.054448999999999970e+00 6.352416999999999980e+00
3.162602999999999831e+00 4.147674999999999557e+00 9.814446000000000225e+00
2.560521000000000047e+00 7.189713000000000243e+00 7.003841000000000427e+00
5.591031000000000084e+00 2.264631000000000061e+00 7.406921999999999784e+00
1.617496000000000045e+00 4.566586000000000034e+00 8.698726999999999876e+00
8.303041999999999589e+00 5.979536000000000406e+00 1.695515000000000105e+00
5.695732999999999713e+00 9.324139999999999651e-01 3.372647999999999868e+00
9.351589999999999625e-01 7.608176000000000272e+00 2.715936000000000128e+00
3.611978999999999829e+00 4.969015999999999877e+00 7.983048000000000144e+00
2.978145000000000042e+00 2.600581000000000031e+00 7.857904999999999696e+00
6.578051000000000315e+00 3.406877999999999851e+00 4.964913000000000132e+00
2.865009000000000139e+00 5.917839999999999989e+00 3.367379999999999818e-01
4.933228999999999864e+00 8.519228999999999274e+00 4.282212999999999603e+00
1.976366000000000067e+00 4.747379999999999933e-01 1.581796999999999898e+00
2.444379000000000079e+00 6.605279000000000345e+00 7.002901999999999738e+00
8.771701999999999444e+00 7.066470999999999947e+00 5.040521000000000029e+00
7.545773999999999759e+00 5.401581000000000188e+00 2.290929000000000215e+00
1.968868000000000062e+00 2.640674999999999883e+00 4.063227000000000366e+00
2.145287000000000166e+00 6.115764000000000422e+00 7.870949999999999891e-01
4.369593000000000060e+00 3.132824999999999971e+00 4.060999999999999943e+00
4.741915999999999798e+00 7.673187000000000424e+00 6.213083000000000133e+00
7.796210999999999558e+00 7.210453000000000223e+00 1.725039999999999907e-01
7.962699999999999889e+00 2.398614999999999942e+00 4.684759999999999813e+00
2.884253000000000178e+00 6.015996000000000343e+00 3.590507999999999811e+00
3.151677999999999980e+00 1.851091000000000042e+00 6.712684000000000317e+00
6.278471999999999831e+00 6.770399000000000278e+00 4.595445999999999920e+00
4.749335999999999558e+00 5.104886999999999730e+00 3.518590999999999802e+00
7.523819999999999730e+00 5.996429000000000009e+00 2.985517999999999894e+00
5.592469999999999608e+00 5.421566000000000329e+00 9.949355999999999867e+00
3.794433000000000167e+00 4.904817999999999678e+00 3.736638999999999822e+00
8.521554999999999325e+00 8.323855999999999256e+00 9.486855999999999511e+00
5.488120000000000331e+00 9.434775000000000134e+00 2.561049999999999827e+00
3.871675999999999895e+00 7.938024999999999665e+00 3.631016999999999939e+00
3.462270000000000070e-01 9.866409999999999902e-01 6.573724000000000345e+00
3.951602999999999977e+00 3.009990999999999861e+00 3.399620999999999782e+00
6.174960999999999700e+00 1.028820000000000068e+00 3.503756999999999788e+00
5.470659000000000383e+00 8.941829999999999501e-01 7.913556999999999952e+00
4.811312000000000033e+00 4.449360000000000426e+00 5.155084000000000444e+00
5.869861000000000217e+00 7.199444999999999872e+00 2.039800000000000058e+00
5.492011999999999894e+00 4.631247000000000114e+00 3.411869999999999958e+00
4.580707000000000306e+00 2.748153999999999986e+00 6.975431999999999633e+00
6.592514999999999681e+00 1.428109999999999991e+00 1.235227000000000075e+00
5.340527999999999942e+00 4.875181000000000431e+00 2.255104999999999915e+00
5.995459000000000316e+00 4.295268000000000086e+00 8.017884000000000455e+00
7.691893999999999565e+00 4.845519000000000354e+00 2.195990999999999804e+00
5.719490999999999659e+00 7.083839000000000219e+00 4.334105000000000096e+00
5.136477000000000182e+00 3.895599999999999952e+00 7.867966000000000015e+00
8.097777999999999921e+00 2.917012999999999856e+00 3.065226000000000006e+00
3.589167000000000218e+00 7.507616999999999763e+00 5.595178999999999903e+00
1.636122999999999994e+00 5.398892000000000024e+00 4.837488999999999706e+00
2.416475000000000151e+00 2.031692000000000053e+00 4.413658999999999999e+00
1.921998000000000095e+00 4.903419999999999668e+00 6.190572000000000408e+00
5.305341000000000307e+00 1.889542999999999973e+00 6.527684999999999960e+00
2.427372000000000085e+00 5.437827000000000410e+00 7.279757000000000033e+00
6.390878999999999976e+00 4.122690000000000410e+00 3.843802999999999859e+00
7.659815000000000040e+00 1.633380000000000054e+00 4.464921000000000362e+00
9.527411000000000740e+00 7.008543000000000411e+00 5.329092000000000162e+00
1.905253000000000085e+00 3.368097000000000119e+00 4.298727999999999660e+00
6.652803999999999718e+00 8.870010000000000394e-01 4.809200999999999837e+00
3.663943999999999868e+00 7.188519000000000325e+00 6.699385000000000367e+00
3.415236999999999856e+00 6.869158999999999793e+00 3.920774000000000203e+00
2.662192999999999810e+00 4.601632000000000389e+00 4.136961999999999584e+00
7.937561999999999784e+00 4.434943999999999775e+00 7.087239000000000289e+00
3.264590999999999799e+00 9.139205999999999719e+00 3.591841000000000061e+00
4.380937000000000303e+00 3.342636999999999858e+00 2.126241999999999965e+00
6.739908999999999928e+00 4.654891000000000112e+00 2.634894000000000069e+00
4.530045999999999573e+00 5.603387999999999813e+00 3.483391999999999822e+00
2.245171000000000028e+00 4.011940000000000062e+00 9.118344999999999700e+00
6.427988000000000035e+00 5.309865000000000279e+00 3.033233000000000068e+00
6.228793999999999720e+00 3.383763000000000076e+00 3.912134000000000000e+00
2.306776000000000160e+00 3.180639000000000216e+00 6.752366999999999564e+00
3.778650999999999982e+00 6.589483999999999675e+00 6.115371999999999808e+00
4.511764999999999581e+00 4.655567999999999707e+00 3.393801999999999985e+00
6.819440000000000168e+00 1.016040000000000054e+00 3.494909999999999961e+00
3.796720999999999790e+00 6.751351999999999798e+00 7.787638000000000282e+00
2.807478000000000140e+00 3.941787999999999847e+00 5.281642999999999866e+00
1.387817000000000078e+00 8.870179000000000258e+00 4.020712999999999759e+00
2.866471999999999909e+00 2.720601999999999965e+00 7.115187999999999846e+00
5.751247000000000220e+00 4.302684000000000175e+00 8.962317000000000533e+00
3.925034999999999830e+00 7.677804000000000073e+00 6.210732000000000141e+00
3.996693000000000051e+00 5.946187000000000111e+00 6.994576000000000349e+00
5.883613999999999677e+00 7.759739999999999860e+00 4.304441999999999879e+00
7.590305999999999997e+00 1.392775000000000096e+00 5.137837000000000209e+00
3.329222000000000126e+00 8.493494000000000099e+00 1.481365000000000043e+00
5.339610000000000412e+00 6.615787000000000084e+00 5.040452000000000155e+00
1.219419000000000031e+00 1.098011999999999988e+00 1.528597999999999901e+00
7.458404999999999951e+00 1.678871000000000002e+00 5.675154000000000032e+00
1.098667999999999978e+00 1.504758999999999958e+00 8.918606999999999729e+00
4.113395999999999830e+00 7.769374000000000002e+00 3.982434000000000029e+00
3.918594000000000133e+00 8.401265999999999678e+00 7.419435000000000002e+00
7.707755999999999830e+00 7.110241000000000255e+00 4.864053000000000182e+00
3.682995000000000019e+00 7.289433999999999969e+00 5.832859000000000016e+00
3.473132000000000108e+00 2.346143999999999785e+00 6.992560000000000109e+00
2.557209999999999983e+00 3.739869999999999806e+00 6.238831000000000238e+00
6.089597000000000371e+00 7.770823000000000036e+00 5.051187999999999789e+00
7.244162000000000212e+00 5.095359000000000194e+00 8.399737999999999261e+00
5.850890999999999842e+00 2.660121999999999876e+00 3.556456999999999979e+00
2.565018999999999938e+00 6.311852000000000018e+00 6.423061999999999827e+00
5.860114000000000267e+00 6.743597000000000286e+00 3.090930999999999873e+00
7.554859000000000435e+00 8.144947000000000159e+00 3.410289999999999822e+00
9.129827000000000581e+00 3.255132000000000136e+00 7.464281999999999861e+00
8.210781000000000773e+00 5.289143000000000150e+00 2.577052000000000120e+00
5.800609999999999822e+00 6.526538000000000395e+00 4.728502999999999901e+00
2.913673999999999875e+00 5.880599999999999716e-02 4.404666999999999888e+00
8.791366999999999265e+00 2.510718999999999923e+00 5.285420000000000229e+00
3.236139000000000099e+00 8.452631999999999479e+00 7.591079999999999828e+00
5.487144999999999939e+00 3.036033999999999899e+00 5.777876000000000012e+00
3.649474999999999802e+00 7.911284000000000205e+00 7.721687000000000189e+00
6.276466000000000101e+00 4.673549999999999649e+00 6.476531999999999734e+00
6.700070000000000192e+00 4.629521000000000441e+00 4.543669000000000402e+00
8.186721999999999611e+00 6.528062000000000253e+00 5.252168000000000170e+00
5.984310000000000462e-01 3.107422000000000128e+00 5.377326000000000050e+00
8.131634999999999280e+00 4.043326999999999671e+00 3.730649000000000104e+00
4.487884000000000206e+00 9.364888000000000545e+00 3.507833000000000201e+00
5.856621999999999773e+00 5.330740000000000478e-01 2.471178000000000097e+00
4.625683999999999685e+00 8.662867000000000317e+00 8.675895999999999830e+00
6.153876000000000346e+00 8.983408999999999978e+00 5.790021000000000306e+00
4.693424000000000262e+00 3.385400999999999883e+00 3.353418000000000010e+00
3.207905999999999924e+00 7.902632999999999797e+00 5.355483999999999689e+00
5.328535999999999717e+00 3.568379999999999885e-01 2.826224999999999987e+00
5.804656999999999734e+00 2.134603999999999946e+00 3.191339000000000148e+00
1.556720000000000104e+00 4.597850000000000215e+00 1.130929000000000073e+00
1.153950000000000031e+00 3.812791999999999959e+00 5.889929000000000414e+00
2.325056000000000012e+00 5.803041000000000338e+00 7.682799999999999352e-02
8.438964999999999606e+00 6.350724999999999731e+00 1.439659000000000022e+00
4.791291000000000189e+00 3.703781999999999908e+00 3.743860000000000188e+00
6.719801999999999609e+00 3.149961999999999929e+00 3.557516000000000123e+00
2.500605999999999884e+00 3.619613000000000191e+00 7.075415999999999705e+00
4.471396000000000370e+00 5.689574999999999605e+00 7.385473000000000177e+00
2.317112999999999978e+00 8.262093000000000131e+00 6.408236999999999739e+00
8.288987999999999801e+00 3.846025000000000027e+00 6.985555999999999877e+00
6.662828000000000195e+00 7.785698000000000008e+00 3.772237000000000062e+00
2.638252000000000042e+00 3.519337000000000160e+00 8.635374999999999801e+00
4.669114999999999682e+00 7.728301000000000087e+00 3.075295000000000112e+00
2.464036999999999811e+00 6.572950999999999766e+00 4.261580000000000368e+00
8.054220000000000823e+00 3.575870999999999800e+00 3.590592000000000006e+00
1.579528000000000043e+00 6.625164999999999971e+00 1.810840999999999923e+00
5.161077999999999832e+00 1.688023000000000051e+00 6.273501999999999690e+00
1.653998000000000079e+00 2.726757999999999793e+00 2.692185999999999968e+00
3.899909000000000070e+00 2.647750999999999966e+00 1.924109000000000069e+00
7.933901999999999788e+00 7.128654000000000046e+00 9.084087999999999496e+00
3.838153999999999844e+00 3.036586999999999925e+00 5.104148999999999603e+00
3.547020999999999979e+00 2.990975000000000161e+00 4.616873000000000005e+00
8.955199999999999605e+00 6.432471999999999746e+00 1.705559000000000047e+00
2.071165999999999840e+00 3.879510999999999932e+00 2.185169000000000139e+00
4.702491000000000199e+00 3.155588999999999977e+00 9.386320000000000219e-01
5.334098000000000006e+00 3.181481999999999921e+00 8.942247000000000057e+00
5.652279000000000053e+00 2.215059000000000111e+00 5.892767000000000088e+00
7.118628000000000178e+00 3.250061999999999784e+00 4.883652999999999800e+00
4.383515000000000050e+00 3.346689000000000025e+00 3.511836000000000180e+00
7.988307999999999964e+00 2.779614000000000029e+00 2.789343999999999824e+00
4.785650000000000404e+00 7.234664999999999679e+00 2.753219999999999779e+00
8.492134000000000071e+00 6.161369999999999791e+00 3.171370000000000022e+00
5.523259000000000363e+00 5.461483000000000310e+00 8.310397000000000034e+00
1.790297999999999945e+00 5.103082999999999814e+00 7.006306000000000367e+00
3.531537000000000148e+00 5.071990000000000443e+00 5.449194000000000315e+00
4.543016999999999861e+00 6.906020000000000492e-01 8.793316000000000798e+00
7.632793000000000383e+00 6.443253000000000341e+00 8.186761999999999873e+00
5.530796999999999741e+00 8.153665000000000163e+00 5.622549000000000241e+00
4.273266999999999705e+00 4.430299999999999905e+00 4.243655000000000399e+00
4.201533999999999658e+00 6.513120999999999938e+00 8.775166999999999717e+00
3.661843999999999877e+00 1.886717999999999895e+00 1.548375000000000057e+00
1.645952999999999999e+00 4.744801999999999964e+00 1.163248999999999977e+00
9.131980999999999682e+00 4.146550000000000402e+00 6.463487999999999900e+00
5.435265000000000235e+00 5.353847000000000023e+00 5.840773000000000437e+00
6.397725999999999580e+00 5.638715000000000366e+00 7.528189000000000242e+00
2.642081000000000124e+00 6.971410999999999802e+00 9.900790000000000424e-01
7.423837999999999937e+00 9.354777999999999594e+00 4.199802000000000035e+00
1.202658000000000005e+00 6.627311999999999870e+00 3.038591999999999960e+00
8.712664999999999438e+00 7.136194999999999844e+00 5.450254000000000154e+00
6.465586000000000055e+00 7.610761000000000109e+00 4.814159000000000077e+00
2.571171999999999791e+00 2.041004000000000040e+00 7.159296000000000326e+00
3.388234000000000190e+00 3.428371999999999975e+00 4.039158999999999722e+00
9.855605000000000615e+00 5.723192000000000057e+00 6.544192999999999927e+00
1.559879999999999933e+00 6.851562999999999626e+00 1.676619999999999999e+00
6.866893000000000136e+00 4.316899000000000264e+00 2.802379999999999871e-01
4.142570000000000086e+00 4.047771000000000008e+00 5.947496000000000116e+00
3.358823999999999810e+00 3.464201000000000086e+00 9.582376000000000005e+00
6.568761000000000294e+00 4.341338999999999615e+00 7.110882000000000147e+00
7.467557000000000222e+00 3.846649000000000207e+00 8.939479999999999649e-01
4.614533999999999914e+00 9.784608000000000416e+00 1.267295000000000060e+00
3.514140999999999959e+00 7.462290999999999563e+00 2.630859999999999865e-01
3.370267000000000124e+00 2.885146999999999906e+00 8.853085999999999345e+00
7.613533000000000328e+00 5.023013999999999868e+00 8.269069999999999254e+00
4.173981999999999637e+00 5.655647000000000091e+00 5.896029999999999660e+00
2.029500000000000082e+00 5.595969000000000193e+00 3.679406999999999872e+00
8.414549999999999530e-01 5.171403999999999890e+00 5.808567000000000036e+00
2.865654000000000146e+00 6.568011000000000266e+00 8.574324000000000723e+00
4.331084999999999852e+00 7.185984000000000371e+00 5.216040999999999705e+00
4.828940000000000232e+00 3.287892999999999954e+00 8.881869999999999266e+00
5.313818999999999626e+00 4.189731000000000094e+00 5.385931000000000246e+00
6.848628999999999856e+00 5.936586000000000141e+00 9.004243999999999915e+00
8.557631000000000654e+00 6.398268999999999984e+00 2.959354999999999958e+00
7.681053999999999604e+00 5.864559999999999995e+00 9.992879000000000289e+00
2.816049999999999942e-01 2.380551999999999779e+00 9.762026999999999788e+00
1.275776000000000021e+00 6.026753000000000249e+00 7.149484000000000172e+00
7.626201000000000008e+00 5.134331000000000422e+00 3.203434000000000115e+00
5.264490999999999588e+00 1.864827000000000012e+00 1.255506999999999929e+00
4.784298999999999857e+00 6.724498999999999782e+00 6.069602999999999859e+00
4.043936999999999671e+00 4.877213000000000243e+00 4.222091999999999956e+00
2.436109000000000080e+00 1.173545000000000060e+00 3.562571000000000154e+00
9.175186999999999315e+00 1.575877999999999890e+00 6.135985999999999940e+00
4.459939999999999571e+00 7.082425999999999888e+00 6.225152999999999714e+00
8.523277999999999466e+00 6.104619999999999713e+00 2.195397999999999961e+00
8.401075000000000514e+00 3.982073000000000196e+00 2.583762999999999810e+00
4.312505999999999950e+00 8.895526000000000266e+00 7.418687000000000253e+00
6.982299999999999618e-02 4.396527999999999992e+00 2.676156999999999897e+00
7.037842000000000375e+00 3.688416999999999835e+00 5.052894000000000219e+00
4.738622000000000334e+00 2.714529000000000192e+00 4.306347999999999843e+00
5.255275000000000141e+00 8.306547999999999377e+00 8.743093000000000004e+00
5.335764000000000173e+00 6.460213999999999679e+00 7.661374000000000350e+00
5.220321000000000211e+00 2.109588000000000019e+00 1.836969000000000074e+00
5.013219999999999565e+00 5.472144000000000119e+00 3.967893999999999810e+00
5.630228999999999928e+00 4.558256000000000085e+00 7.758331000000000088e+00
2.139707000000000026e+00 6.824732000000000021e+00 3.848850000000000104e+00
4.911309000000000147e+00 5.704010000000000247e+00 7.839741000000000071e+00
2.464532999999999863e+00 9.267696000000000822e+00 3.466793000000000013e+00
5.338440000000000296e+00 6.049323000000000228e+00 7.582005999999999801e+00
6.240439000000000291e+00 4.526576999999999629e+00 4.779118999999999673e+00
4.044292000000000442e+00 6.969114000000000253e+00 6.753775000000000084e+00
5.610457000000000249e+00 5.231906999999999641e+00 3.326932999999999918e+00
6.972508000000000372e+00 4.459614000000000189e+00 4.000879000000000296e+00
6.223351000000000077e+00 8.717290999999999457e+00 1.712820999999999927e+00
4.428703999999999752e+00 5.720823000000000214e+00 6.377602000000000437e+00
9.171761999999999304e+00 9.851404000000000494e+00 3.989043000000000117e+00
5.200647000000000020e+00 6.720597999999999850e+00 5.152639999999999887e+00
7.994139999999999802e+00 4.659318999999999988e+00 8.484852000000000061e+00
2.471236000000000210e+00 5.070127000000000272e+00 1.929349999999999898e+00
6.391010999999999775e+00 4.519298000000000037e+00 5.370129999999999626e+00
4.999094000000000371e+00 8.326259000000000299e+00 9.817555000000000476e+00
6.839004000000000083e+00 8.788868000000000791e+00 6.562701999999999813e+00
3.782834999999999948e+00 9.919491000000000724e+00 7.691339000000000148e+00
5.992225000000000357e+00 4.779703999999999731e+00 5.607854999999999812e+00
7.369130000000000402e-01 3.544061999999999824e+00 9.690659999999999830e-01
7.415725000000000122e+00 7.506734999999999935e+00 2.646618999999999833e+00
5.232800000000000118e+00 7.410345000000000404e+00 3.074049000000000031e+00
7.571363999999999983e+00 4.600361999999999618e+00 6.186326000000000214e+00
7.057703000000000060e+00 2.581805999999999823e+00 4.587925000000000253e+00
4.093793999999999933e+00 3.510826999999999920e+00 3.762690999999999786e+00
3.984239999999999782e+00 5.083539000000000030e+00 4.678399999999999892e+00
5.769470000000000098e+00 3.412611000000000061e+00 1.954457000000000111e+00
7.496942999999999913e+00 1.015686000000000089e+00 4.001992999999999689e+00
7.279687000000000019e+00 2.597011000000000180e+00 5.374583000000000332e+00
4.548162999999999734e+00 9.216058000000000305e+00 6.538738000000000383e+00
4.547578999999999816e+00 6.273199999999999610e-02 3.485650000000000137e+00
9.251746999999999943e+00 1.733535999999999966e+00 5.801300999999999597e+00
6.835945999999999856e+00 4.888173000000000101e+00 6.083321999999999896e+00
4.258244999999999614e+00 9.480294999999999916e+00 1.923464000000000063e+00
7.088486999999999760e+00 7.090105999999999575e+00 7.314047000000000409e+00
9.817061999999999955e+00 3.661070000000000157e-01 8.102572999999999581e+00
5.113871999999999751e+00 3.889530999999999850e+00 6.594590000000000174e+00
4.010799999999999699e+00 6.709183999999999592e+00 4.411571000000000353e+00
4.675328999999999624e+00 4.790600000000000414e+00 4.441733000000000153e+00
8.297415000000000873e+00 8.063190000000000524e+00 5.195223000000000368e+00
5.117769000000000013e+00 4.353945000000000398e+00 4.119546999999999848e+00
5.826223999999999847e+00 4.469413000000000302e+00 4.697935000000000194e+00
6.827688000000000201e+00 7.264489000000000196e+00 4.183200000000000252e+00
6.951022000000000034e+00 4.162384999999999557e+00 2.697783999999999960e+00
4.682932000000000095e+00 3.112226999999999855e+00 3.127400000000000180e+00
4.557862000000000080e+00 2.011692000000000036e+00 4.701050999999999647e+00
4.123552000000000106e+00 6.273013999999999868e+00 3.151177999999999813e+00
3.200541999999999998e+00 2.712839999999999918e+00 8.111128000000000782e+00
3.418273999999999813e+00 5.535445000000000171e+00 7.474507000000000012e+00
5.730470000000000397e+00 6.680813999999999808e+00 1.918975000000000097e+00
5.104667000000000066e+00 5.261725000000000207e+00 5.099254000000000175e+00
4.767643999999999771e+00 2.358506999999999909e+00 9.048666000000000764e+00
2.608896000000000104e+00 3.739199999999999857e+00 9.421080999999999150e+00
6.144269000000000425e+00 1.914390000000000036e+00 4.963125999999999927e+00
6.175356999999999985e+00 3.932106000000000101e+00 4.081773000000000096e+00
5.796483000000000274e+00 5.826134999999999842e+00 3.959705000000000030e+00
6.453971000000000124e+00 7.023297000000000345e+00 9.259254999999999569e+00
1.830368999999999913e+00 5.729512999999999856e+00 6.414223999999999926e+00
2.714895999999999976e+00 8.413838000000000150e+00 7.852816999999999936e+00
5.559690999999999939e+00 8.803756999999999167e+00 7.130371000000000237e+00
6.818868000000000151e+00 9.038774000000000086e+00 6.719833000000000389e+00
2.106399999999999828e+00 7.170119999999999827e+00 7.851759000000000377e+00
6.585683000000000398e+00 3.545063999999999993e+00 3.757641000000000009e+00
6.393178999999999945e+00 3.150135999999999825e+00 8.164051999999999865e+00
3.968916000000000111e+00 4.485210999999999615e+00 5.071660999999999753e+00
5.994512000000000285e+00 1.933167999999999997e+00 7.526107999999999798e+00
6.816912000000000305e+00 7.852227000000000068e+00 6.666469999999999896e-01
4.403093000000000146e+00 3.884897000000000045e+00 3.966676000000000091e+00
8.062060000000000670e+00 9.077760000000000273e-01 4.911585999999999785e+00
6.143580000000000041e+00 2.286693000000000087e+00 4.210865000000000080e+00
5.296021999999999785e+00 5.381982999999999961e+00 7.855732999999999855e+00
1.717875000000000041e+00 1.814254999999999951e+00 6.047515999999999892e+00
1.949349999999999916e+00 6.732210000000000250e+00 4.443889000000000422e+00
4.543808000000000291e+00 7.848851999999999940e+00 3.973583999999999783e+00
1.570195000000000007e+00 6.156202999999999648e+00 3.186936000000000213e+00
3.815364999999999895e+00 4.340695000000000192e+00 7.787207999999999686e+00
7.867739999999999734e-01 8.730603000000000335e+00 4.630279999999999951e+00
6.524002000000000301e+00 9.332691000000000514e+00 3.874187000000000047e+00
2.781098000000000070e+00 4.340582999999999636e+00 8.067819000000000074e+00
3.139273999999999898e+00 5.069720000000000226e+00 5.075685000000000002e+00
5.820987999999999829e+00 5.809192999999999607e+00 1.547160000000000091e+00
6.920384000000000313e+00 9.130691999999999808e+00 1.648041000000000089e+00
2.799579000000000040e+00 3.286132999999999971e+00 2.896596000000000171e+00
6.164518000000000164e+00 3.736775999999999875e+00 4.468547000000000047e+00
7.438913000000000331e+00 9.230000000000000426e+00 3.143193000000000126e+00
8.463487000000000648e+00 5.815694999999999837e+00 2.818184000000000022e+00
5.635895999999999795e+00 3.075806000000000040e+00 4.589135999999999882e+00
5.367371999999999588e+00 7.858820999999999835e+00 5.246959999999999624e+00
7.523643999999999998e+00 5.294184999999999697e+00 3.650258000000000003e+00
2.572201000000000182e+00 9.185330000000000439e-01 4.106657000000000224e+00
6.633718000000000004e+00 7.799312999999999718e+00 4.407644000000000339e+00
3.308972999999999942e+00 1.575258999999999965e+00 8.780682000000000542e+00
5.758656000000000219e+00 6.719701999999999842e+00 7.712282000000000082e+00
4.619194000000000244e+00 5.310211999999999932e+00 6.988944000000000045e+00
4.532212000000000351e+00 6.846504000000000367e+00 4.446657000000000082e+00
8.906451999999999813e+00 4.242892000000000330e+00 1.811444000000000054e+00
6.810827999999999882e+00 2.914900999999999964e+00 3.418406000000000056e+00
7.539376999999999995e+00 4.030687999999999604e+00 5.365324000000000204e+00
3.929840000000000000e-01 9.301114999999999355e+00 5.134643999999999764e+00
6.609602999999999895e+00 4.893187000000000175e+00 4.595030000000000392e+00
3.428701000000000221e+00 4.977756000000000292e+00 2.651102999999999987e+00
7.932315000000000005e+00 2.576064999999999827e+00 3.011433999999999944e+00
2.726666999999999952e+00 3.711743999999999932e+00 2.924504999999999910e+00
7.111197999999999908e+00 2.662602000000000135e+00 6.903643999999999892e+00
5.127533999999999814e+00 4.369030999999999665e+00 4.397528000000000326e+00
7.418700000000000294e+00 3.406601000000000212e+00 5.449751000000000012e+00
2.940907000000000160e+00 3.699971000000000121e+00 6.226675000000000182e+00
3.436255000000000059e+00 6.709961999999999982e+00 4.758106999999999864e+00
5.974173999999999651e+00 2.783090000000000064e+00 1.914646999999999988e+00
2.973034000000000177e+00 7.619212000000000096e+00 3.569052000000000113e+00
3.775135000000000129e+00 6.880787999999999904e+00 6.075541000000000302e+00
6.057259000000000171e+00 8.232913999999999177e+00 1.161008999999999958e+00
2.851523999999999948e+00 5.935604999999999798e+00 9.569608000000000558e+00
4.273926999999999587e+00 2.108489000000000058e+00 4.256289999999999907e+00
8.085080000000000044e-01 7.119829000000000185e+00 7.633759000000000405e+00
8.274148999999999532e+00 4.879438999999999638e+00 2.779936000000000185e+00
5.357334999999999958e+00 3.930492000000000097e+00 4.927989000000000175e+00
2.702609999999999957e+00 5.768472000000000044e+00 9.236667000000000627e+00
2.894430999999999976e+00 7.004436000000000107e+00 7.370631000000000377e+00
4.255081999999999809e+00 7.570045000000000357e+00 3.865298000000000123e+00
6.739556000000000324e+00 7.789994000000000085e+00 5.354567000000000299e+00
2.863239000000000090e+00 4.423202999999999996e+00 3.567807000000000173e+00
9.153575999999999269e+00 2.899821999999999900e+00 5.621533000000000335e+00
7.450503999999999571e+00 7.284265999999999686e+00 8.161084999999999923e+00
9.606949000000000183e+00 6.250786999999999871e+00 4.225891999999999982e+00
7.567345000000000432e+00 8.188954000000000732e+00 6.738855000000000040e+00
2.613773000000000124e+00 4.140859999999999985e+00 2.091921000000000141e+00
7.157716999999999885e+00 2.244413000000000213e+00 1.728425000000000100e+00
7.852973000000000425e+00 8.467598000000000624e+00 2.747996999999999801e+00
2.784612000000000087e+00 2.902524000000000104e+00 2.054730000000000167e+00
7.840125999999999706e+00 3.799201000000000050e+00 7.866909999999999847e+00
6.190497999999999834e+00 9.500040000000000262e+00 4.701363999999999876e+00
6.016445000000000043e+00 6.351383000000000223e+00 6.213728999999999836e+00
2.900719000000000047e+00 9.061386999999999858e+00 3.132026000000000199e+00
6.564764000000000266e+00 6.253570999999999991e+00 5.336965000000000181e+00
3.833587000000000078e+00 4.894661000000000151e+00 5.175126999999999811e+00
3.211987000000000148e+00 2.729809999999999737e-01 8.653619999999999646e-01
3.570107000000000141e+00 6.757781999999999734e+00 1.305150999999999950e+00
6.584850000000000314e+00 3.917874999999999996e+00 6.260594000000000214e+00
8.556969999999999743e+00 6.335151999999999894e+00 4.065555999999999948e+00
6.836414000000000435e+00 7.322353999999999807e+00 2.018961000000000006e+00
8.588326999999999600e+00 5.710088999999999970e+00 7.374013999999999847e+00
2.748241999999999852e+00 6.553749999999999964e+00 6.413127000000000244e+00
5.700281000000000375e+00 5.676262000000000363e+00 1.297652000000000028e+00
3.105869000000000213e+00 4.545276000000000316e+00 3.880573000000000050e+00
2.082040000000000002e-01 4.150191000000000408e+00 5.989820000000000144e-01
5.545278999999999847e+00 6.560823000000000071e+00 1.609695000000000098e+00
5.186980000000000146e+00 5.159498000000000140e+00 4.454119999999999635e+00
6.820656999999999748e+00 4.861444999999999794e+00 1.339212000000000069e+00
6.909913999999999668e+00 2.613220999999999794e+00 5.710561000000000220e+00
6.694074999999999775e+00 4.687725000000000364e+00 2.899920000000000275e-01
4.043112999999999957e+00 4.823615000000000208e+00 6.965626000000000317e+00
8.811863999999999919e+00 1.588905000000000012e+00 8.100248999999999810e+00
5.395105000000000040e+00 3.091642999999999919e+00 5.425538999999999668e+00
4.833508000000000138e+00 8.921464999999999534e+00 4.238234000000000279e+00
7.271795000000000009e+00 7.065754000000000090e+00 2.323052000000000117e+00
1.067622999999999989e+00 7.170395000000000074e+00 5.266264999999999752e+00
1.484780999999999906e+00 4.312609000000000137e+00 6.760791000000000217e+00
4.314631999999999579e+00 5.178776000000000046e+00 8.547221999999999653e+00
2.360370000000000079e+00 7.262772000000000006e+00 5.562770999999999688e+00
2.651078000000000046e+00 2.564998000000000111e+00 9.603028999999999371e+00
5.813396000000000008e+00 2.342670000000000030e+00 1.923631000000000091e+00
5.984346999999999639e+00 6.568149000000000015e+00 7.517654000000000281e+00
4.086475000000000080e+00 6.223029000000000366e+00 5.848500999999999728e+00
4.157920999999999978e+00 4.871376999999999846e+00 4.820306000000000424e+00
1.733541999999999916e+00 1.455700000000000049e-02 3.984302000000000010e+00
3.637145999999999990e+00 6.375226999999999755e+00 2.788062000000000040e+00
2.940907000000000160e+00 5.765335999999999572e+00 2.812850000000000072e+00
1.489489999999999981e-01 4.093119999999999870e+00 8.009159000000000361e+00
1.786184999999999912e+00 3.100506000000000206e+00 4.776646999999999643e+00
8.100816999999999268e+00 7.691977999999999760e+00 4.569554000000000116e+00
5.871347000000000094e+00 4.396462999999999788e+00 3.653906999999999794e+00
1.731114000000000042e+00 4.747336999999999918e+00 6.095250000000000057e+00
4.263583999999999818e+00 8.937841000000000591e+00 3.701538000000000217e+00
3.672680000000000167e+00 8.047480000000000189e-01 4.913038000000000238e+00
8.261132999999999171e+00 1.584929999999999950e+00 3.387706000000000106e+00
6.372048000000000378e+00 3.947220000000000173e+00 6.454854000000000092e+00
3.493362999999999996e+00 5.040366999999999820e+00 1.156784999999999952e+00
3.382992999999999917e+00 4.572275999999999563e+00 4.681862999999999886e+00
3.331466999999999956e+00 7.268976000000000326e+00 5.674164000000000208e+00
4.674127000000000365e+00 3.546876999999999835e+00 5.616292999999999758e+00
4.814719000000000193e+00 5.529696999999999640e+00 8.843999999999999639e-01
8.129412999999999556e+00 6.045137000000000427e+00 3.871539999999999981e+00
2.112613000000000074e+00 2.660959000000000074e+00 3.270173999999999914e+00
5.583484999999999587e+00 3.918690000000000229e-01 7.218174999999999564e+00
9.100170000000000314e+00 9.036156999999999329e+00 8.607775999999999428e+00
5.340450999999999837e+00 4.323750999999999678e+00 4.038465000000000416e+00
6.622632000000000296e+00 6.762436000000000114e+00 3.846419000000000032e+00
3.118574999999999875e+00 6.731207999999999636e+00 8.326590000000000380e-01
5.057536999999999949e+00 6.119460000000000122e+00 6.498320999999999792e+00
5.488925000000000054e+00 2.972633000000000081e+00 1.843275999999999915e+00
3.514477999999999991e+00 6.392475000000000129e+00 6.107871000000000272e+00
5.662231000000000236e+00 3.568057000000000034e+00 7.355031000000000319e+00
4.180272999999999683e+00 4.643100000000000005e-01 2.857203999999999855e+00
6.969960999999999629e+00 7.658529999999999838e+00 6.068620000000000125e-01
7.014896000000000242e+00 6.339908999999999573e+00 3.063943000000000083e+00
7.840831999999999802e+00 1.644546999999999981e+00 4.711530999999999914e+00
6.532166000000000139e+00 5.561955000000000204e+00 8.752883999999999887e+00
3.022206999999999866e+00 3.435382000000000158e+00 4.438420999999999950e+00
3.344187999999999938e+00 5.293388000000000204e+00 5.839965000000000295e+00
1.999948000000000059e+00 3.973669999999999813e+00 9.546886000000000649e+00
2.281079000000000079e+00 2.878131999999999913e+00 1.172285999999999939e+00
9.324522999999999229e+00 4.019941000000000209e+00 5.358734000000000108e+00
4.196761999999999659e+00 1.519752999999999910e+00 5.047824999999999562e+00
3.424363000000000046e+00 4.032739000000000296e+00 3.922836999999999907e+00
7.004668999999999812e+00 5.795598000000000027e+00 7.566389000000000031e+00
9.510889999999999844e+00 4.365771999999999764e+00 4.098524000000000278e+00
2.193554999999999922e+00 5.738286000000000442e+00 3.085208000000000172e+00
3.745211999999999986e+00 4.715886000000000244e+00 3.969862000000000002e+00
3.603396000000000043e+00 4.236500000000000377e+00 3.537167000000000172e+00
1.809144000000000085e+00 4.750159000000000020e+00 5.075404999999999944e+00
2.931773999999999880e+00 2.481793000000000138e+00 5.819135000000000169e+00
3.362268999999999952e+00 6.586580999999999797e+00 4.968463999999999992e+00
4.536792000000000158e+00 2.812332000000000054e+00 4.434374000000000038e+00
8.629955000000000709e+00 4.257551000000000307e+00 4.039436000000000249e+00
9.998139000000000109e+00 5.186797999999999575e+00 8.524343000000000004e+00
3.474508999999999848e+00 2.426810000000000134e+00 5.106702000000000297e+00
2.549622999999999973e+00 2.577866000000000213e+00 5.140234999999999665e+00
8.415860000000000340e+00 5.589883000000000379e+00 2.800019999999999953e+00
1.414036000000000071e+00 6.172314000000000078e+00 2.427213000000000065e+00
2.560798999999999825e+00 3.207371999999999890e+00 4.652050000000000018e+00
2.887192999999999898e+00 4.803581000000000323e+00 3.169484000000000190e+00
6.340717999999999854e+00 9.149537000000000475e+00 3.818715000000000082e+00
2.201277000000000150e+00 1.846595999999999904e+00 4.574836000000000347e+00
3.589731000000000005e+00 8.575148000000000437e+00 3.123572999999999933e+00
3.265908000000000033e+00 9.246765999999999153e+00 6.414956000000000103e+00
3.036948000000000203e+00 5.561857999999999969e+00 6.340205000000000091e+00
6.990151000000000003e+00 8.581697000000000131e+00 2.867360000000000131e+00
6.880932999999999744e+00 4.195076000000000249e+00 5.075749000000000066e+00
5.394763000000000197e+00 2.749738999999999933e+00 1.031450999999999896e+00
4.034940999999999889e+00 4.123836999999999975e+00 4.146657000000000259e+00
9.053321000000000396e+00 5.235978000000000243e+00 2.688358000000000025e+00
3.053230000000000111e-01 5.650641000000000247e+00 4.308621999999999730e+00
4.658392000000000088e+00 5.946760000000000268e+00 5.704542000000000002e+00
6.646081999999999823e+00 4.236485000000000056e+00 7.914780999999999622e+00
6.456235999999999642e+00 2.374843999999999955e+00 8.611178999999999917e+00
9.612517000000000422e+00 5.450819000000000081e+00 5.836663999999999852e+00
6.296283999999999992e+00 2.945716000000000001e+00 8.710537999999999670e+00
6.703311000000000242e+00 7.415754999999999875e+00 2.405372999999999983e+00
4.417434000000000083e+00 3.260981000000000130e+00 6.186255000000000059e+00
5.357794000000000167e+00 7.377386999999999695e+00 5.371249999999999858e+00
1.870128000000000013e+00 2.734760000000000080e+00 6.656456999999999624e+00
3.266487999999999836e+00 2.309585999999999917e+00 7.448669999999999902e+00
7.312909999999999577e+00 3.158071000000000073e+00 3.193780999999999981e+00
5.421675999999999718e+00 2.272451000000000221e+00 7.398789999999999978e+00
3.037638999999999978e+00 5.703826000000000285e+00 4.520064999999999777e+00
7.905374000000000123e+00 3.263869999999999827e+00 3.591765999999999792e+00
3.595759000000000150e+00 6.853258000000000294e+00 3.847841999999999985e+00
3.502047999999999828e+00 2.544601999999999808e+00 2.363579999999999792e+00
7.221042999999999878e+00 3.833936000000000011e+00 2.880698999999999899e+00
5.552157000000000231e+00 4.191677000000000319e+00 3.659403000000000183e+00
1.004062999999999928e+00 5.293693000000000204e+00 4.732512999999999970e+00
2.384984000000000215e+00 3.134743999999999975e+00 1.209974000000000105e+00
2.819904000000000188e+00 5.354597000000000051e+00 3.223085000000000200e+00
2.855417999999999790e+00 4.709512000000000143e+00 6.478748999999999647e+00
4.503592000000000262e+00 2.721489000000000047e+00 4.235238999999999976e+00
5.579009000000000107e+00 3.697630999999999890e+00 5.343618000000000201e+00
3.477828999999999837e+00 2.197490000000000165e+00 6.355658000000000030e+00
5.841615000000000002e+00 7.801706000000000252e+00 6.731873000000000218e+00
3.026476999999999862e+00 2.480960000000000054e+00 3.878394999999999815e+00
2.658136999999999972e+00 6.048532999999999937e+00 6.586373000000000033e+00
2.740807999999999911e+00 5.634012000000000242e+00 4.702749999999999986e+00
8.473076000000000718e+00 2.345308999999999866e+00 4.061619999999999564e+00
3.527423999999999893e+00 3.433091000000000115e+00 3.251555000000000195e+00
8.364857000000000653e+00 8.240040000000000475e+00 3.148444000000000020e+00
3.241007999999999889e+00 4.923760999999999832e+00 8.244863000000000497e+00
9.227947000000000344e+00 3.765861000000000125e+00 2.562905999999999906e+00
1.118689999999999962e+00 1.566049999999999942e-01 3.742464000000000013e+00
6.452446000000000126e+00 2.749191000000000162e+00 4.903882000000000296e+00
2.022909999999999986e+00 3.029310000000000169e+00 2.018947999999999965e+00
3.431134000000000128e+00 4.486087999999999631e+00 8.632697000000000287e+00
5.468688000000000216e+00 8.779522000000000048e+00 6.482764999999999667e+00
4.342637999999999998e+00 7.584107999999999628e+00 7.085156999999999705e+00
5.268246999999999680e+00 6.537698999999999927e+00 5.798619999999999663e+00
4.532706000000000124e+00 4.327109000000000094e+00 7.405751000000000417e+00
5.212434000000000012e+00 3.333452999999999999e+00 5.898216999999999821e+00
8.206644999999999968e+00 1.155972000000000000e+00 2.768604999999999983e+00
1.669359999999999955e+00 5.880938000000000443e+00 5.413645999999999958e+00
6.223936000000000135e+00 6.405858000000000274e+00 3.564467000000000052e+00
4.117778999999999634e+00 4.805844999999999700e+00 6.566135000000000055e+00
1.580624000000000029e+00 7.911348000000000269e+00 7.331560999999999773e+00
5.986238000000000170e+00 4.052501999999999605e+00 1.848006000000000038e+00
4.651710999999999707e+00 5.345385000000000275e+00 4.721968999999999639e+00
4.794718999999999731e+00 4.855628000000000277e+00 4.328050000000000175e+00
3.024242000000000097e+00 5.297691000000000372e+00 2.899195000000000189e+00
6.830134000000000150e+00 5.691322999999999688e+00 7.072629000000000055e+00
2.449612000000000123e+00 5.446737999999999857e+00 7.311326000000000214e+00
6.273291000000000395e+00 2.033708999999999989e+00 2.623467999999999911e+00
6.383034000000000319e+00 4.820362000000000258e+00 4.630792999999999715e+00
3.409791999999999934e+00 9.121907000000000210e+00 3.410997000000000057e+00
8.588580999999999577e+00 3.550243000000000038e+00 5.816677999999999571e+00
3.671980000000000022e+00 6.762959000000000387e+00 7.874787000000000425e+00
6.807157000000000124e+00 4.524422000000000388e+00 4.161000999999999728e+00
7.822485000000000355e+00 9.337813999999999837e+00 8.396202000000000609e+00
4.173630000000000173e+00 6.420704999999999885e+00 5.364319000000000059e+00
2.157226999999999784e+00 3.666929000000000105e+00 4.448172999999999710e+00
5.184731000000000201e+00 5.938827999999999996e+00 3.111680999999999919e+00
6.232797999999999838e+00 9.105798000000000059e+00 3.614555000000000184e+00
5.494256000000000029e+00 3.555413999999999852e+00 8.090049000000000490e+00
3.111393000000000075e+00 9.595413000000000636e+00 3.176407000000000203e+00
2.240311999999999859e+00 4.094252000000000002e+00 7.148565999999999754e+00
6.032858000000000054e+00 6.915923000000000265e+00 6.059846000000000288e+00
3.409400000000000208e+00 1.848715000000000108e+00 6.084876000000000396e+00
7.319643000000000121e+00 2.957358999999999849e+00 3.761185999999999918e+00
5.899446000000000190e+00 9.252990999999999744e+00 9.094075000000000131e+00
3.667584999999999873e+00 2.399000000000000021e+00 4.970271000000000328e+00
4.486588000000000243e+00 9.523260000000000502e+00 7.147033000000000413e+00
2.973094999999999821e+00 3.996532999999999891e+00 3.933139999999999969e-01
1.125258000000000091e+00 8.356742000000000559e+00 7.093631000000000242e+00
6.962017000000000344e+00 3.736057000000000183e+00 4.380704999999999849e+00
4.235401999999999667e+00 4.504926000000000208e+00 8.341017000000000792e+00
5.087725999999999971e+00 1.312453000000000092e+00 9.512836999999999321e+00
4.463051000000000101e+00 1.308780000000000054e+00 4.690114999999999590e+00
7.397166000000000352e+00 1.947594999999999965e+00 3.808848999999999929e+00
2.428539999999999921e+00 1.256550999999999974e+00 3.637309000000000125e+00
4.484556999999999682e+00 5.882736000000000409e+00 9.803425000000000722e+00
5.683050999999999853e+00 4.664246000000000336e+00 4.919660999999999618e+00
6.082411999999999708e+00 9.068979000000000568e+00 4.736957999999999558e+00
4.334336999999999662e+00 7.151353000000000293e+00 5.963867999999999725e+00
1.871747000000000050e+00 4.227046999999999777e+00 2.424789000000000083e+00
9.126606000000000662e+00 5.557114000000000331e+00 3.589928000000000008e+00
9.673540000000000472e-01 7.192370999999999626e+00 5.921107000000000120e+00
2.193652999999999853e+00 3.418556999999999846e+00 4.444191000000000003e+00
5.819510000000000183e+00 5.831985999999999670e+00 2.416044999999999998e+00
3.571743999999999808e+00 5.661140999999999757e+00 1.955567999999999973e+00
3.584731999999999807e+00 4.508987000000000300e+00 5.786831000000000280e+00
3.347236999999999796e+00 6.962767999999999624e+00 6.083293000000000283e+00
5.272165000000000212e+00 8.684799999999999187e+00 3.646490000000000009e+00
5.771344000000000030e+00 2.083915999999999880e+00 3.556356000000000073e+00
7.677327000000000012e+00 8.975626000000000104e+00 2.777055999999999969e+00
4.106874000000000358e+00 8.929731999999999559e+00 3.299627000000000088e+00
2.800127999999999950e+00 4.828287999999999691e+00 6.878269999999999662e+00
6.088529000000000302e+00 8.286281000000000674e+00 7.077213000000000420e+00
5.694924000000000319e+00 3.256279000000000146e+00 3.554358000000000128e+00
3.281594000000000122e+00 4.584959999999999702e+00 4.510721000000000203e+00
2.875866999999999951e+00 2.224730000000000096e+00 5.094985999999999571e+00
5.243749000000000215e+00 7.139483000000000246e+00 4.647141999999999662e+00
6.431950999999999752e+00 9.178100000000000147e-01 4.251909000000000383e+00
3.099187999999999832e+00 7.009947999999999624e+00 4.181415999999999578e+00
1.779231999999999925e+00 1.933427000000000007e+00 5.803710999999999842e+00
6.998960000000000292e+00 3.959706999999999866e+00 5.669877999999999751e+00
5.012218999999999980e+00 4.445988999999999969e+00 6.403050999999999604e+00
3.662751000000000090e+00 4.839250999999999969e+00 6.848531999999999620e+00
5.924546000000000312e+00 3.234164999999999957e+00 5.091428999999999760e+00
5.595305999999999891e+00 8.150349999999999540e+00 4.112611000000000239e+00
3.941070999999999991e+00 6.125319999999999654e-01 1.616826000000000096e+00
8.313337999999999894e+00 3.504833000000000087e+00 5.110926000000000080e+00
7.100220000000000198e+00 5.320405000000000051e+00 7.451745999999999981e+00
5.156428000000000011e+00 3.638203999999999994e+00 3.208966000000000207e+00
3.540119999999999933e-01 5.428041999999999589e+00 5.024331000000000103e+00
3.753645999999999816e+00 8.893717000000000539e+00 5.233615000000000350e+00
2.631406999999999829e+00 2.528856999999999911e+00 3.349708000000000130e+00
4.130692999999999948e+00 6.688708000000000098e+00 4.862767999999999979e+00
2.575333999999999790e+00 8.506633000000000777e+00 8.865195999999999188e+00
9.061666000000000665e+00 4.227591999999999572e+00 5.253135999999999584e+00
7.876221000000000139e+00 3.884614000000000011e+00 2.298242000000000118e+00
3.969336000000000197e+00 5.996450000000000280e+00 2.726307999999999954e+00
5.798531999999999798e+00 2.170587999999999962e+00 5.424004000000000048e+00
2.894963999999999871e+00 5.405883000000000216e+00 4.106832999999999956e+00
3.880142999999999898e+00 2.183546999999999905e+00 4.645348000000000255e+00
5.498831000000000024e+00 1.324661000000000088e+00 6.562697000000000003e+00
8.587690000000000268e+00 1.344789000000000012e+00 4.949247999999999870e+00
3.708819000000000088e+00 5.189149999999999707e+00 2.997910000000000075e+00
5.432733999999999952e+00 6.358505000000000074e+00 7.513029000000000401e+00
8.075609999999999733e-01 7.308351000000000042e+00 2.187942000000000053e+00
4.849165000000000170e+00 6.643514999999999837e+00 1.305077000000000043e+00
5.781576000000000271e+00 5.107306000000000346e+00 5.696073000000000164e+00
8.180369999999999919e+00 4.701756999999999742e+00 5.346848999999999741e+00
3.474795999999999996e+00 2.123134999999999994e+00 2.214843999999999813e+00
6.320996000000000059e+00 2.864376000000000033e+00 2.587928999999999924e+00
8.280708999999999875e+00 4.294094000000000300e+00 7.163077000000000361e+00
8.465185999999999211e+00 5.850874000000000130e+00 6.426013000000000197e+00
5.336849999999999650e-01 4.620028999999999719e+00 4.477502999999999567e+00
5.013010000000000410e+00 3.927137000000000100e+00 4.512343999999999689e+00
2.174551000000000123e+00 7.910135999999999612e+00 9.392756999999999579e+00
2.599832999999999839e+00 4.886771000000000420e+00 6.817374000000000045e+00
9.849902999999999409e+00 9.226713999999999416e+00 2.212972000000000161e+00
3.767948000000000075e+00 4.413514000000000159e+00 6.891618000000000244e+00
5.425037999999999805e+00 1.723781999999999925e+00 8.610806000000000182e+00
3.682434000000000207e+00 1.261627999999999972e+00 4.436499000000000414e+00
3.192225999999999786e+00 7.867234999999999978e+00 9.410610000000000142e+00
5.686689999999999579e+00 5.618636000000000408e+00 9.102757000000000431e+00
3.269210000000000171e+00 5.037018999999999913e+00 6.054907000000000039e+00
2.774534000000000056e+00 7.190688999999999886e+00 7.165810999999999709e+00
6.307602000000000153e+00 7.173627999999999894e+00 3.223656000000000077e+00
5.865351999999999677e+00 5.313875999999999600e+00 7.519156999999999869e+00
6.744481999999999644e+00 1.005765999999999938e+00 8.015489000000000530e+00
2.067121000000000208e+00 7.494354000000000404e+00 3.569062999999999874e+00
2.586294000000000093e+00 8.987128000000000227e+00 6.975204999999999878e+00
9.158889000000000280e+00 7.814229999999999787e-01 2.209474999999999856e+00
9.475200000000000289e-02 9.203692999999999458e+00 8.911801999999999779e+00
4.287652999999999714e+00 1.739042999999999894e+00 3.809782999999999920e+00
8.058381000000000682e+00 7.470739000000000019e+00 2.747415999999999858e+00
5.385864999999999903e+00 4.990580999999999712e+00 5.717172999999999838e+00
1.077361000000000013e+00 5.315796999999999883e+00 9.618672999999999362e+00
5.902559000000000111e+00 3.550610999999999962e+00 8.313828000000000884e+00
8.040616999999999237e+00 2.598597999999999963e+00 4.559385999999999939e+00
5.310594000000000037e+00 4.857950999999999908e+00 1.855661000000000005e+00
9.552690999999999377e+00 3.974835999999999814e+00 3.528617999999999810e+00
5.730284000000000155e+00 7.418851000000000084e+00 3.987830000000000208e+00
4.191502999999999979e+00 2.462234000000000034e+00 6.932827999999999768e+00
1.828294000000000086e+00 4.291369000000000433e+00 8.419024000000000285e+00
2.250468999999999831e+00 1.469618000000000091e+00 4.569638999999999562e+00
8.170078999999999425e+00 1.723662999999999945e+00 9.852790000000000159e-01
6.529455999999999705e+00 5.157958999999999961e+00 4.784453000000000067e+00
4.614911000000000207e+00 6.871471999999999802e+00 6.039399000000000406e+00
6.301251999999999853e+00 5.920231000000000243e+00 4.770770999999999873e+00
9.808499999999999996e-01 4.762756999999999685e+00 5.236762999999999835e+00
4.846373999999999960e+00 5.916197999999999624e+00 6.645190000000000374e+00
4.086668000000000411e+00 4.895872999999999919e+00 4.700796000000000419e+00
8.644384999999999764e+00 5.409512000000000320e+00 1.472156000000000020e+00
4.136847999999999637e+00 3.197332999999999981e+00 5.979758000000000351e+00
4.759320999999999913e+00 6.188627999999999574e+00 6.767161999999999900e+00
6.115171000000000134e+00 3.552639999999999798e+00 5.718219000000000385e+00
5.231297999999999782e+00 4.330433000000000199e+00 1.194183999999999912e+00
7.880408000000000079e+00 2.065167999999999893e+00 5.064644000000000368e+00
