1.187656340446226366e+00
3.401024944923866311e+00
2.879270994877467515e+00
5.788999066199445487e+00
1.481118384797665000e+00
3.012128081399766621e+00
1.333724785398657797e+00
6.863949618739697556e+00
2.366282727092912097e+00
7.304041046595119546e+00
1.423042834572116222e+00
2.432551306683984560e+00
1.565163933287614384e+00
2.912030201998297319e+00
1.244691792546151810e+00
5.582875201837412149e+00
3.194908100244081783e+00
2.420064087751128135e+00
6.933440705840146379e+00
1.709313645512064550e+00
7.644323641966286331e+00
2.023519913421606375e+01
4.833716641184221174e+00
1.541101546561709057e+00
5.845207692552246037e+00
2.744484280977024682e+00
3.294662458044424813e+00
1.272046439709589416e+00
5.249706916702786330e+00
2.763147842892656136e+00
1.132874366219007500e+00
2.909094251645094609e+00
2.009247964594534697e+00
1.284219806884683379e+01
1.485130240133021751e+00
1.860991663889902270e+01
9.007033623086931229e+00
4.070453383184110763e+00
1.069902615071604224e+00
1.122185216008860786e+00
1.892633290624287534e+00
3.297961433717528035e+00
7.854320181029159187e+00
2.537949870412994802e+00
1.716307311696656068e+00
1.638392917104406488e+00
8.956650156815122443e+00
4.422443773869233041e+00
1.600750261342640979e+00
2.058474229328006277e+00
1.394709895232846275e+00
2.172038519445633309e+00
1.573807201601079120e+00
1.277372610114733575e+00
9.935167045196397595e+00
3.223019633821006202e+00
8.749488341226072663e+00
1.151359764950566245e+01
2.373111932155843373e+00
6.589122928741969254e+00
1.198415428423664331e+00
7.480416205040839372e+00
1.053285456310167456e+00
3.028126146062747104e+00
1.703413589917564641e+00
3.910474703127101215e+00
2.159931950770961251e+01
3.070865491317801954e+00
3.969620439023143543e+00
1.363617356315470541e+00
5.738542247338658697e+00
2.896524704558526064e+00
3.403016041798575309e+00
1.757676956661581746e+00
3.831102888714850163e+00
1.282404790481287860e+00
1.318689666841494912e+00
3.217480254500513226e+00
3.541452712145957360e+00
1.349526806932114020e+00
1.066561598317395498e+00
1.267713357872354507e+00
1.446332826532356508e+00
2.476221549283267986e+00
1.299643306843250912e+00
7.308235789682501427e+00
1.375927240598052714e+00
2.478208013078164296e+00
1.039786838935796709e+00
1.261196975677952636e+00
4.586586159989927580e+00
2.313146504601953257e+00
1.341809774289425272e+00
1.962915818595716955e+00
2.105920153547056195e+00
1.156970455278642840e+00
2.857334355258840830e+00
2.785047126305716958e+01
6.536715493697696999e+00
1.125893991965424945e+00
1.468646526101101735e+01
3.425537341731143659e+00
1.542589606101413713e+00
3.166404707371572425e+00
1.385936906059309948e+01
4.153849895499092781e+00
8.431227284569974501e+00
2.585361430193090015e+01
1.127225102858791850e+00
2.425984870187919196e+00
2.997211115671903237e+00
1.633357000218798927e+00
3.322537010733753071e+00
1.903973102915226034e+00
4.540309427230352135e+00
2.047610433241218164e+00
2.701226089977768474e+00
1.799092504663964309e+00
5.115727435139450385e+00
2.910974102863277846e+00
2.139169188182238113e+00
2.565900266763603721e+00
3.251873462813819060e+00
3.927713595955326209e+00
8.311889110334794495e+00
1.319928423416707464e+00
1.470970630001120716e+00
2.701849653094095860e+00
4.681568740837205311e+00
2.254114330939545940e+00
1.027536840328435730e+00
3.180981625284917236e+00
3.150763527845348300e+00
1.214478116805338015e+00
2.446082431095235155e+00
2.988491953653595878e+00
1.817594437744701530e+00
2.260231246973717134e+00
1.825736424438219485e+00
4.004198947540711373e+00
6.655204551225938125e+00
1.156241555270193677e+00
2.454670595914067999e+00
1.337591828316245213e+01
3.722475763640972435e+00
2.255165600970581607e+00
3.418749030809494105e+00
4.548824052180210131e+00
4.505444266823866784e+00
1.195504860262485813e+00
3.257296431601635511e+00
3.740012386866277350e+00
1.715681740315676107e+00
6.000930322276084361e+00
1.817020463358395954e+00
1.823758370891151781e+00
1.461749461709082265e+00
2.910424545923326445e+00
9.690986581676234835e+00
2.712171236104250482e+00
1.102082212800037375e+00
3.887918192501085723e+00
4.003107534040300841e+00
2.241513314984632466e+00
1.677014467531100506e+00
5.148549498530039514e+00
2.125798570947170951e+00
3.807680274714250412e+00
1.071565342009336952e+01
1.996614360396842480e+00
1.943052333305655077e+00
3.234990608450720728e+00
1.681157745066723663e+00
1.179181959278211789e+00
2.275517361919193959e+00
2.755562338455130877e+00
1.420310184926737884e+00
2.943876672469371236e+00
4.669758607535001715e+00
4.985702275483330226e+00
4.314213113424257173e+00
3.765637966418971860e+00
9.853156511412088037e+00
1.861554605726232214e+00
7.654218505687776286e+00
1.413489458550441391e+01
3.872724048163723065e+00
4.833926772462357135e+00
1.532863036176770333e+00
1.167719923068153864e+00
1.533575932798784569e+00
2.581267329495549934e+00
3.331545853527856149e+00
2.042306883056497213e+00
1.323525228781734731e+00
4.292613793110654719e+00
4.844676515110306170e+00
1.198684231118353871e+00
1.299665130043761607e+00
4.179751921856508901e+00
3.330617633898076857e+00
1.720031344226320646e+00
1.200139004316105318e+00
1.665278093408689930e+00
1.428630736577735094e+00
2.632569835258240953e+00
8.024792177906068247e+00
6.307099981872427819e+00
2.855035043192128086e+00
1.224779393050991372e+00
2.236066172315892331e+00
1.132381817453962602e+00
3.184924471557081560e+01
1.204622985945236424e+00
2.001740543251741755e+01
3.539136598624034846e+00
1.518699924263857470e+00
4.047474398693784892e+00
2.123418417539960412e+00
1.053870788970217909e+00
4.257631091336048001e+00
3.086384358308664311e+00
8.399410116926322445e+00
1.552167891098947905e+01
2.741460232969089805e+00
1.121991414595995940e+00
4.213135395268113648e+00
3.662617143599887548e+00
1.358460882359753708e+00
1.306737796217570802e+00
2.004903255842000132e+00
1.518631964422188840e+00
2.233033722876754723e+01
8.961509650074884092e+00
2.273553273409492981e+00
3.986091183800753335e+00
4.683735357785059783e+00
1.852305399019063437e+00
2.211408073331800672e+00
3.581583102038889521e+00
3.909701762913588841e+00
3.673827505981864139e+00
8.012799615359657679e+00
2.285797777196118208e+00
3.597756721465012575e+00
1.278025891328651964e+00
1.087185581366125309e+00
6.881710677624973016e+00
6.229474720265709031e+00
5.839093252052613536e+00
2.441034498676057485e+00
2.303706722002757168e+00
1.633766450506102252e+00
1.387905629023603815e+00
4.186468120063408627e+00
1.325653699744137937e+00
5.089294847362586971e+00
2.485749131434848991e+00
4.929374349310588599e+00
3.708395646708162463e+00
1.646665125498872451e+00
4.004464190036223670e+00
4.200703198344938549e+00
2.016415757257504549e+00
1.549999926645138526e+00
1.183242873332134515e+00
1.780512590500252346e+00
3.064569178669347416e+00
4.556084847412823713e+00
3.089717057592733962e+00
1.624708428455431397e+00
2.120094883531793428e+00
3.463177723624423887e+00
1.246558491599029983e+00
2.513217705484655173e+00
4.224363535001917747e+00
2.855577394306391348e+00
1.599754040378519537e+00
2.703354836278883955e+00
2.654074884889721098e+00
1.696233929943187446e+00
2.676215620501356529e+00
2.239020950264476895e+01
2.140043110174909557e+00
2.158666320995599630e+00
4.617707147945356638e+00
1.113726257048966994e+00
8.493072943710116007e+00
1.811638083132634858e+00
4.548299470786038690e+00
1.405832961439116291e+00
6.121560329205797402e+00
2.851145583481321300e+00
2.445971498380574705e+00
7.062443394560832921e+00
3.806401045571116359e+00
1.526471934787209550e+00
1.504936943846210129e+00
1.554672210542852540e+00
4.679865271821579853e+00
1.416658277369420071e+00
2.750460717245056141e+00
4.873104088783350996e+00
1.395627657634561425e+00
1.350795460585277441e+00
1.611163685337459794e+00
2.802082458257606046e+00
2.341660140381734312e+00
1.595715720609163224e+00
2.572334641016279733e+00
1.224596133635142525e+00
4.398651342865018243e+00
2.025568618132992160e+00
2.673599145101253072e+00
1.641702509010736444e+00
2.173263545705625077e+00
9.730469796720525366e+00
2.045550038759617717e+00
1.808112168644959494e+00
5.663997972492264665e+00
3.093494309090518257e+00
1.111710339261817504e+00
1.380493546699610441e+00
3.389194905589753670e+00
9.420139170862947608e+00
5.510472822157636230e+00
1.093239553205949122e+01
5.002374581866781078e+00
3.650381378128849441e+00
1.821608707675413497e+00
1.260649864341307103e+00
3.804519604216397344e+00
2.698284141903184885e+00
2.118850320542729371e+00
7.591861674259701154e+00
1.461724567582172396e+00
8.418778603281067419e+00
3.696820086900985736e+00
2.061557846259233440e+00
8.630013992956408586e+00
1.089949921872458738e+01
2.773312021316663767e+00
2.558067952919674592e+00
2.871593726446739048e+00
1.915587106061227063e+00
6.575000465798518157e+00
3.251211727689104602e+00
1.645931080852138795e+00
3.359855770639422090e+00
1.136018782128200222e+01
1.472943162691308761e+00
2.953732121708133818e+00
6.401134530475445672e+00
9.037600413365398211e+00
3.372650459882293728e+00
2.860828176670627609e+00
3.966287534931744574e+01
4.757587564901339938e+00
2.684708371133553317e+00
1.508794128012111546e+00
2.624264874918511570e+00
1.569829328087678499e+00
1.491039179709668039e+00
1.196770700737133986e+00
3.829256735930778532e+00
1.662916031905688152e+00
3.270472359607289992e+00
2.928989718198832470e+00
5.665713789493192820e+01
1.110161148611323512e+01
2.796427306313713057e+00
8.136986463189284535e+00
3.101309979472455236e+00
2.858350708571615773e+00
6.995616482751130683e+00
5.839961289441854220e+00
4.601370592826982353e+00
9.043558491272179367e+00
2.291800751134660530e+00
4.001195965819642097e+00
1.477884041634990098e+00
8.178111840625719609e+00
2.699291357707565453e+00
2.447228513015276263e+01
2.734079022751383814e+00
4.163249489445304263e+00
2.957574930371166477e+00
3.351761085741673085e+00
8.164793796106316393e+00
1.449745659146028487e+00
1.943804767613816376e+00
1.621662193694865550e+01
3.359752117865133947e+00
1.784242533191307656e+00
3.507181821691927492e+00
1.461996911808030486e+00
1.194326601404381849e+00
2.422506278255589063e+00
6.831271011343491573e+00
1.268722523784755696e+00
2.855878794533384024e+01
7.348695586035011829e+00
2.478429798464711897e+00
2.230958255138181912e+01
1.809216942326186350e+00
4.499463299243336323e+00
7.187883258878788872e+00
1.028695381194628000e+00
3.037710312118780287e+00
1.255286434398156459e+00
2.023311352375662064e+00
9.830944436853940260e+00
1.816487010389335799e+00
2.254992053176506417e+00
3.235174362765221190e+00
1.504316771207674819e+00
2.067290020652641225e+00
3.940435085981262464e+00
1.937868191270788465e+00
2.425441512544611378e+00
3.404005071409776484e+00
2.311422439714463373e+00
2.546445019355089379e+00
2.511287331045016114e+00
1.370971137034926235e+00
4.256530880642134029e+00
6.686325305447227585e+00
2.676376794012682581e+00
4.593639602192586047e+00
2.062583640551610475e+00
1.737579509133313493e+00
1.636588743133311707e+00
2.785860411847910001e+00
5.499005318155986366e+00
2.424895752221329470e+00
1.973621573959098985e+00
1.251780408882177786e+00
7.114110165550775911e+00
1.595330517500365586e+00
1.512499050640514930e+00
2.857294360656403853e+00
1.494327256259440295e+00
1.258377534696503819e+00
5.275309673819224443e+00
2.560895896504326696e+00
1.589357511901988262e+00
9.323159495180583178e+00
2.989973090879760598e+00
3.619173544931427955e+00
2.116627900851168143e+00
1.566052762538964416e+00
1.981196718653358779e+00
4.609613712483103143e+00
8.283728497581503092e+00
1.232046948010982357e+00
2.495403576002220092e+01
3.881185386308786178e+00
2.703718710412302784e+01
2.076521071474028979e+00
4.160901723985601208e+00
2.483424108407085384e+00
1.798794000181705544e+00
2.796822202532142310e+00
2.012990559835967197e+00
1.976531432227516705e+00
3.580856451863082324e+00
1.905690533808019893e+00
2.099023644636467623e+00
1.776693184828196381e+00
4.315179242291872441e+00
7.527449208045981166e+00
3.526522205050038217e+00
1.263665520144114485e+00
9.517862653332988643e+00
4.940090249617678175e+00
5.303926015803885896e+00
1.438576015397227126e+00
3.885976610247781515e+00
1.350276876484909350e+00
1.286101448622669174e+00
2.631784478736253874e+00
5.942265120600977113e+00
2.602192737682606616e+00
5.257600114022050519e+00
8.165343671452330199e+00
7.984300563897398284e+00
3.933908758672752359e+00
1.525667543515472069e+00
2.466936766149751659e+00
7.736901970146680796e+00
2.567422052699169122e+00
8.074757007198559933e+00
3.704339718581123098e+00
1.193267088414580890e+01
7.673709136055096636e+00
1.295019531862253936e+00
1.931627757482764052e+00
2.607034917313624689e+00
1.635455929933079311e+00
4.581874399580405210e+00
3.457562400348957343e+00
2.529829796871579273e+00
5.019801014464102096e+00
2.384421060015585070e+00
2.070544397364897371e+00
2.815101621376119745e+00
6.646469191252805331e+00
2.651385070259609122e+00
5.361407721971215068e+00
3.519703080252704730e+00
9.894100620430219095e+00
1.497954399412795956e+00
1.629309970093845372e+00
9.105313771460183503e+00
3.957276389449415177e+00
4.719245574168896340e+00
4.296915135341524028e+00
2.002933871711809477e+00
1.798127165941034500e+00
1.515249801753295822e+00
4.281834123501622180e+00
2.181251617707359980e+00
3.693138702407184670e+00
2.402914127213803486e+00
3.008027074280617441e+00
1.198288694061189652e+00
1.289886380985811876e+01
4.360634128684623079e+00
2.257986478190630031e+00
1.118219028067298337e+00
3.730334195242483109e+00
6.140134963139960433e+00
7.501284968281940913e+00
4.658651185474379730e+00
1.080081847643785675e+00
1.955281937870506415e+00
7.198493662485065059e+00
7.123584707623630941e+00
5.023629212273180045e+00
4.176460387300681809e+00
1.998186896194992679e+00
4.432898827520361351e+00
1.592452645621116769e+00
7.704001382011416155e+00
7.634291252044322462e+00
7.645164351090386390e+00
1.215303746155275588e+00
7.409226397448996693e+00
1.758822360379899807e+00
6.575124689431382841e+00
1.736109274532000413e+01
1.075033553346607995e+01
5.421063330969034588e+00
3.844410829334011126e+00
1.156091103679452559e+00
2.324427813994952796e+00
3.990127919497736819e+00
4.561981143672751315e+00
1.497314424035994573e+00
3.998415240717680952e+00
1.072623484634534163e+00
4.762540955729146930e+00
4.273089187154782032e+00
1.251116025908015139e+01
5.402633638883971656e+01
4.488303025570210991e+00
2.196398044737291055e+00
6.400847380903045725e+00
1.373397454847221644e+00
1.127071807500130918e+00
6.065138527922018241e+00
1.051509116392307064e+01
1.596890048982968713e+00
5.281542671991236837e+00
4.178549801139982200e+00
5.204639035713404027e+00
1.021094318677710078e+01
1.577123115611153370e+00
1.567195550514297819e+00
6.814639345628108025e+00
2.040637432439851739e+00
4.177378687175765215e+00
1.106056577164555410e+00
1.874651074899095882e+00
2.689602133586934229e+00
1.925107289275439282e+00
8.002312643327966768e+00
1.826405265249699372e+00
1.151694555278272691e+00
1.824132160495630650e+00
1.286568576583084766e+00
1.496347616303431716e+00
7.521508359167487612e+00
1.231356131520305430e+00
2.542401438719901563e+01
1.260054815162094055e+00
5.118390602265100675e+00
3.407608457815620273e+00
1.194966336337915047e+00
1.389809649930193736e+01
4.713860551523816333e+00
1.254701270503093724e+01
1.113761006162387268e+00
1.689779917876000326e+01
3.915373491408254747e+00
2.095046220185775354e+00
1.878286691574218681e+00
2.215310216858400238e+00
1.428034426786559008e+00
1.092271104496472134e+00
2.621153963088821204e+00
5.991137771837644621e+00
2.364011597732299297e+00
4.768857263012372449e+00
8.020800138829176973e+00
9.695292009954192380e+00
1.419697034662294355e+00
1.019513442845200579e+01
2.947404960606989199e+00
6.612463067890374191e+01
1.337407653373429817e+00
1.385948320910380005e+00
1.037419011906864030e+00
4.774525934590923448e+00
1.100247222115953827e+00
1.086480814202931633e+00
2.022874368596407457e+00
2.144326629574043519e+00
1.748690077149395838e+00
2.043955075143731648e+00
1.567850487557099992e+00
4.041179219096552977e+00
1.977504985828789863e+00
2.706629406510268065e+00
1.006480843992557217e+00
6.066749130846159410e+00
7.880200325654455717e+00
2.316085759301875324e+00
1.300896969114095247e+00
1.204921130369741578e+00
6.482588222645571108e+00
2.627217126210133369e+00
6.821267131030370301e+00
4.404601629355815895e+00
5.668784613699011210e+00
5.094009458601930440e+00
1.617786881085396589e+00
3.264485130584385164e+00
1.108448095060387661e+00
3.646210354183483826e+00
1.034837847064357952e+01
1.232228916043899503e+00
7.555927323964332309e+00
2.058714058230339372e+00
1.899650103794016776e+00
5.471103805595899594e+00
2.641542333904947526e+00
2.058623756462007570e+00
3.543856742682001570e+00
2.088410445416839067e+00
1.157574073015604554e+01
5.602281594521924646e+00
3.107729116301061190e+00
1.306111732160726735e+00
2.796201995580640087e+00
1.182578461755208288e+01
2.577186915247105414e+00
1.287201951783504050e+00
8.208323832920495278e+00
3.852439441251891417e+00
1.395378995101966169e+00
1.900538692826413412e+00
1.899937162131402513e+00
6.093541677839450443e+00
2.307511795023474921e+00
9.252336744328935936e+00
2.301403326264276128e+00
1.376678987001608512e+00
1.353001871453377358e+00
7.497235360775688306e+00
2.198026890268560241e+00
1.789248564037531741e+00
2.131877810952349606e+01
1.239804084962118802e+00
1.859062110060978101e+00
4.176970758929414274e+00
2.371931782580217085e+00
2.843677540427495654e+00
1.063851195028268970e+00
1.944228177939674174e+00
1.772022185238142367e+00
1.516950328551695648e+00
3.305743384595224654e+00
2.727084391749813541e+00
1.605354034149589548e+00
7.642440768666037165e+00
7.572828133594921241e+00
2.081215420779179315e+00
9.287421880339552516e+00
3.367354348774004080e+00
1.105211923257501949e+00
6.222648945351380689e+00
2.939468354251340454e+00
1.916862459309200295e+00
2.317797676315695554e+00
1.713889571968013836e+00
5.497130971208956218e+00
5.101005549033854614e+00
6.088433662166592875e+00
4.575242622988477947e+00
3.171988008857661967e+00
5.936523075025453622e+00
7.017842159298218974e+00
4.033250920757764035e+00
3.915861431509403801e+00
5.336669206454364378e+00
1.392208040937665592e+00
6.553720961512795817e+00
1.373665036430633535e+00
1.113566578437710231e+00
2.717757765795979097e+01
4.279639089497543125e+00
1.501275260209071760e+00
3.263301945367958368e+00
3.918239908509745906e+00
4.320951748439846085e+00
2.067487216788729487e+00
3.117968162074305827e+00
1.479014595238865359e+00
2.791915091978721719e+01
3.011799414534608310e+00
1.028982282678510662e+00
3.665595136538263521e+00
2.142939394769358685e+00
7.032181457089209609e+00
1.443948973461670837e+00
1.580443553861949901e+01
1.361531730207409030e+00
3.422323852944117561e+00
3.610740895615468737e+00
4.747603599287436360e+00
3.405343921349631042e+00
2.725283033210973205e+00
2.592149340810124158e+00
1.232345450716421453e+01
3.801089742018315842e+00
2.111726941018911674e+00
1.261168678526665810e+00
1.060413490177983808e+00
1.689680023047895219e+01
1.951859671281826358e+00
2.104047406622921113e+00
1.308656437467508482e+01
2.946498793953094442e+00
3.722000251403981164e+00
1.258665027180793317e+00
2.506840969341746828e+00
3.919777387753071718e+00
4.477630156180115506e+00
6.884719436968337547e+00
1.481648076584369145e+00
3.749043436922987471e+00
1.251274604255902867e+00
1.901478037437710267e+00
1.222453441567922461e+00
3.812333960180387393e+00
2.560748338254727141e+00
3.673585060341360897e+00
7.735993368321323338e+00
3.476926794739456739e+01
1.125563564683622397e+00
1.726781335580525711e+00
6.356376387616491819e+00
1.304914616159166263e+00
3.043196568431242088e+00
1.507385267272487450e+00
1.854391269773223438e+00
7.407290385649615949e+00
1.037954711509805783e+01
2.104015826424423086e+00
4.497042111955450672e+00
3.615522878960553577e+00
1.677269967607500023e+00
1.310119877283768552e+00
1.061858596037498614e+01
7.821503703861932166e+00
4.614541106683706317e+00
2.686370531763890845e+00
1.427343261157076881e+00
2.368450554363870975e+00
5.301441462251896830e+00
2.545528705868519648e+00
1.235378818324576189e+00
1.438613021329651742e+00
2.202998668600323562e+00
2.391111784503384463e+00
1.490155564861677995e+00
1.512776920888488918e+00
3.109607713688356867e+00
1.788337410900062352e+01
2.000826334065920697e+00
2.507091084477882426e+00
3.688989960563800796e+00
5.008226699329156872e+00
2.050714507055896085e+00
1.838233367837017740e+00
4.820635227389962196e+00
4.010872851434312381e+00
4.096852294348801493e+00
5.870428759957245113e+00
1.578418174807040497e+00
5.191450290454710625e+00
1.383963298029129874e+00
5.094307840297656043e+00
1.208681340437054885e+00
5.419054445954949450e+00
5.864568142925340233e+00
1.120697036634860311e+00
2.473736642037265732e+00
5.465820923732533032e+00
5.534654534012393157e+00
4.543256798381123396e+00
3.307904333793557861e+00
1.444437607737972806e+00
1.573556233069818733e+00
3.903590844646509961e+00
3.493717340736259391e+00
2.541314576280762072e+00
2.802860612391497419e+00
1.422584077919686774e+00
2.836807812267136075e+00
1.680466260969468939e+00
3.260385710171906481e+00
2.312363165591495129e+00
1.241433518702843575e+00
3.465617814252290430e+00
6.771249164688139643e+00
1.862904072806329525e+00
1.693684178665961326e+00
1.597780381739759337e+00
1.181710938162178870e+00
2.526352207432823516e+00
2.424563916608401204e+00
2.438745111922104414e+00
2.008025008065734252e+00
1.538226866098546308e+00
4.705000122752622360e+00
1.816963753979719653e+00
7.022981374022895018e+00
2.843495535821237041e+00
7.118533442605893491e+00
2.221955492402437216e+01
1.746747800978704523e+00
5.343849562282533050e+00
3.393352251044811307e+00
3.603462883060835953e+00
2.403642614403695976e+00
1.263733790083062969e+00
1.639702914701491876e+00
1.323656938384146553e+00
1.025350680135100490e+01
2.524386643534710206e+00
1.535148438316727315e+00
1.283021629845115585e+00
7.146783176403447513e+00
2.504947108397387989e+00
1.024831996386698529e+00
1.041905961114062862e+00
1.918231614962966125e+00
1.864245010088141141e+00
2.518680847570802239e+00
3.483989195438675246e+00
1.175906715980013839e+00
5.465822587333056148e+00
3.349681904912853891e+00
2.733882606319342656e+00
1.386215350385318290e+00
1.903677789920219965e+01
1.241171262279149978e+00
2.193896974282926404e+00
1.416639161193089524e+00
4.779981977352979250e+00
2.491227077198547857e+00
8.659506315882602223e+00
2.726913177487647832e+00
1.565890933285943865e+00
2.867176827660822713e+00
2.365794350326825946e+00
1.547581582228672836e+01
1.937959209538424821e+00
6.996006598602229509e+00
7.699355269707486293e+00
1.055794872018071651e+01
1.573455706382530295e+00
2.507825100863339873e+00
1.369740890703602609e+01
2.961338047188522893e+00
3.591174945895528658e+00
5.701258554135375078e+00
6.365124060225805458e+00
1.047086729415884987e+00
3.933299648543834959e+00
1.581676267328635532e+00
3.733708496466407567e+00
4.458917091852132586e+00
5.394491352952145213e+00
2.284863488131366971e+00
1.867478436759158367e+00
2.485964915591696744e+00
1.245462934024837987e+00
1.810651191739363730e+00
3.297350691809727508e+00
2.385073401544252736e+00
8.623879930862488052e+00
4.368902206064944060e+00
1.903687097049939103e+00
3.491913107958767526e+00
1.549786893072092608e+00
1.297398406724644015e+00
2.573802547219281145e+00
1.441490179860936527e+00
4.454481355352245764e+00
1.897808108103294922e+00
4.839023698569228316e+00
1.532949953921860731e+00
1.189634653776445949e+00
1.491673057255982648e+00
1.362670071691379547e+00
2.344694032475731493e+00
1.177537588725581230e+01
2.782484621400544089e+00
2.243393416547754704e+00
1.488066468019270783e+00
5.351724909826921284e+00
3.627398845562867624e+00
3.062582072454683058e+00
1.320210002317255160e+00
1.271854227863951436e+01
3.765616092605403420e+00
3.687630416575395476e+00
1.750968427909797676e+00
1.980997996064652877e+00
1.516766050154791934e+00
2.058647489263112806e+00
3.495540407080059975e+00
7.614153315253090248e+00
1.558479156851404701e+00
1.892867263505548792e+00
1.078876470958770106e+01
3.555643497952051924e+00
1.087963451916004187e+00
2.220087253126163951e+00
4.156142102533456395e+00
2.567605760703749684e+00
3.414530452778478331e+00
3.117387148580061940e+00
4.812080645319634975e+00
1.115547778340494345e+00
1.557698563431133998e+01
2.006122882762828130e+00
4.447608995835911827e+01
1.516609312559165756e+00
6.330891619417017502e+00
3.461472513461300249e+00
1.075509253695283718e+01
3.883291058627341030e+00
1.369534548654655959e+00
3.025303529028434468e+00
2.098591878800083244e+00
1.733885604876090447e+00
8.733655912304394420e+00
3.670994766649698704e+00
7.156595483769149446e+00
2.766929053141408801e+01
8.038853014246387829e+01
2.650392229319940007e+00
4.888146738659965962e+00
1.051297510432978033e+00
1.695503589066037620e+01
2.910069748315294635e+00
3.248216134901066088e+00
2.177159142822035154e+00
6.379822633021120737e+00
1.770100054007185175e+00
2.304096719170185104e+00
5.530239552763899447e+00
4.773955973140292741e+00
1.745904564929605485e+01
1.205419107732286887e+00
1.434514538757849067e+00
1.221311522210943190e+00
3.502258255109658158e+00
1.311644633132809545e+00
1.075141905686766819e+00
7.430331840916274189e+00
1.465580650198954560e+00
1.418664984309347510e+00
1.347411656018029147e+00
3.203639883387652265e+00
3.704359512373595731e+00
