9.025603000000000264e+00 7.280720999999999776e+00 6.917520999999999809e+00
7.413542999999999772e+00 3.794763000000000108e+00 2.389886999999999873e+00
6.298019000000000034e+00 6.149179000000000173e+00 4.791978000000000293e+00
5.467508999999999730e+00 6.994562000000000168e+00 5.059212999999999738e+00
6.005999000000000088e+00 5.489512999999999643e+00 2.834065999999999974e+00
9.691931999999999547e+00 5.595648999999999873e+00 4.439140000000000086e+00
2.342893999999999810e+00 3.309441000000000077e+00 3.011395999999999962e+00
4.112697999999999965e+00 5.102146000000000292e+00 7.372116000000000113e+00
7.040332000000000257e+00 5.832347999999999644e+00 1.205561000000000105e+00
2.138255000000000017e+00 3.548928000000000083e+00 5.053034000000000248e+00
6.681141000000000219e+00 2.593275000000000219e+00 6.188654999999999795e+00
7.182039999999999758e+00 4.077959999999999918e-01 4.871515999999999735e+00
5.607944999999999958e+00 2.136581000000000063e+00 4.029624000000000095e+00
1.773582999999999910e+00 7.147996000000000016e+00 5.007240999999999609e+00
1.716126999999999958e+00 5.926187999999999789e+00 7.579119000000000383e+00
1.512399000000000049e+00 5.903601000000000099e+00 7.707625000000000171e+00
1.814105000000000079e+00 1.784958999999999962e+00 6.914042000000000243e+00
6.972154999999999880e+00 2.332046000000000063e+00 4.893432999999999922e+00
7.513320000000000221e+00 6.171523999999999788e+00 8.049134999999999707e+00
4.608811000000000213e+00 7.168887999999999927e+00 7.350897999999999932e+00
2.989501999999999882e+00 5.246364999999999945e+00 9.585765000000000313e+00
6.744320000000000093e+00 4.147696999999999967e+00 6.561232999999999649e+00
8.994028999999999385e+00 4.942455999999999960e+00 6.988749000000000322e+00
3.948782000000000014e+00 2.798243999999999954e+00 3.616280000000000161e+00
3.059407000000000210e+00 5.355368999999999602e+00 5.322905999999999693e+00
6.264629000000000225e+00 6.611214999999999620e+00 2.527019000000000126e+00
8.874459999999999571e-01 1.522806000000000104e+00 4.913272000000000084e+00
4.373217000000000354e+00 6.854131999999999891e+00 3.098768999999999885e+00
4.240111999999999881e+00 2.651046000000000014e+00 5.746068000000000175e+00
8.923533000000000825e+00 7.545809000000000211e+00 8.735595999999999250e+00
6.485899999999999999e-01 3.129201000000000121e+00 5.896279999999999966e+00
6.933156999999999570e+00 5.539654999999999774e+00 2.872558000000000167e+00
6.412675000000000125e+00 3.221014999999999961e+00 3.421488999999999780e+00
7.891790000000000305e+00 7.460247999999999990e+00 6.334253000000000355e+00
1.378088999999999897e+00 1.856897000000000020e+00 3.225226999999999844e+00
5.186487999999999765e+00 5.302761000000000280e+00 2.130276999999999976e+00
8.666292999999999580e+00 7.210217000000000098e+00 7.717216999999999771e+00
4.411980999999999931e+00 8.650503000000000497e+00 5.538162999999999947e+00
4.425487000000000393e+00 1.114557999999999938e+00 3.039245999999999892e+00
1.622554000000000052e+00 5.438976000000000255e+00 5.310959000000000430e+00
4.926484999999999559e+00 5.832321000000000311e+00 7.067814000000000263e+00
7.279687000000000019e+00 2.597011000000000180e+00 5.374583000000000332e+00
7.779303999999999775e+00 4.948411000000000115e+00 3.515639000000000181e+00
4.541522999999999755e+00 6.947067999999999799e+00 5.472741000000000078e+00
1.461975999999999942e+00 4.200469000000000008e+00 3.934795999999999960e+00
7.014827000000000368e+00 5.225461000000000134e+00 6.635252999999999624e+00
4.276902999999999899e+00 5.560246000000000244e+00 7.015076999999999785e+00
7.918343000000000131e+00 1.711054000000000075e+00 3.260222000000000175e+00
2.012537000000000020e+00 5.840802000000000049e+00 2.747780999999999807e+00
5.498420000000000307e+00 2.700266000000000055e+00 5.706463000000000285e+00
4.189377999999999602e+00 5.609895999999999994e+00 5.839843000000000117e+00
2.554799000000000042e+00 2.789521000000000139e+00 6.742900999999999812e+00
5.480554999999999843e+00 3.069158999999999970e+00 5.612373999999999974e+00
5.987955999999999612e+00 3.564106999999999914e+00 1.068048000000000108e+00
7.996857000000000326e+00 4.119767000000000401e+00 5.460186000000000206e+00
1.446825000000000028e+00 6.212403000000000119e+00 1.995236000000000010e+00
7.134946000000000232e+00 4.691233999999999682e+00 1.163545000000000051e+00
3.976112000000000091e+00 6.756371999999999822e+00 1.189518000000000075e+00
3.603450000000000042e+00 9.054266000000000147e+00 9.701102999999999810e+00
2.342213999999999796e+00 2.389653000000000027e+00 8.050903999999999172e+00
4.624088999999999672e+00 5.066817999999999600e+00 8.003477000000000174e+00
5.427605999999999931e+00 8.568329000000000306e+00 9.128766999999999854e+00
2.481149999999999967e+00 3.194155999999999995e+00 7.845070999999999906e+00
4.187414999999999665e+00 1.801404000000000005e+00 8.179854999999999876e+00
6.672028000000000070e+00 2.642644999999999911e+00 6.390265999999999558e+00
3.601884999999999781e+00 1.667327999999999921e+00 4.863814999999999777e+00
2.911385000000000112e+00 5.287806999999999924e+00 1.840031999999999890e+00
6.262027999999999928e+00 5.140131000000000228e+00 5.839591999999999672e+00
4.472286000000000428e+00 5.772516000000000425e+00 4.345874000000000237e+00
6.185463000000000378e+00 6.219721999999999973e+00 4.006080000000000196e-01
2.008818999999999910e+00 2.939773000000000192e+00 9.073881999999999337e+00
4.442639999999999922e+00 9.994220000000000326e+00 5.678924999999999557e+00
6.348849000000000409e+00 6.323119000000000156e+00 4.631841999999999793e+00
4.211143999999999998e+00 2.241353000000000151e+00 6.230658000000000030e+00
3.986253000000000046e+00 8.746446000000000609e+00 9.800055999999999656e+00
6.279145999999999894e+00 3.765906999999999893e+00 2.409937000000000218e+00
9.347734000000000876e+00 6.712380999999999709e+00 5.745114000000000054e+00
4.925190999999999875e+00 8.791624000000000549e+00 9.170116999999999408e+00
6.143005999999999744e+00 3.432555999999999941e+00 3.123819999999999819e+00
3.455478999999999967e+00 9.561600000000000099e-01 8.067992000000000274e+00
9.123402000000000456e+00 1.704225000000000101e+00 2.280524999999999913e+00
1.882635000000000058e+00 2.422849999999999948e+00 5.044095999999999691e+00
6.298597000000000001e+00 4.648729999999999585e+00 4.337470999999999854e+00
4.887729000000000212e+00 4.970918000000000170e+00 8.274630999999999403e+00
5.043173999999999602e+00 2.113823000000000008e+00 7.906784000000000034e+00
3.198437999999999892e+00 4.522724000000000188e+00 2.779580000000000162e+00
5.320028999999999897e+00 7.619614000000000331e+00 7.459664000000000073e+00
7.789540000000000353e-01 2.521332000000000129e+00 4.774416000000000437e+00
5.574177999999999855e+00 5.295175999999999661e+00 6.333417999999999992e+00
6.272225999999999857e+00 4.712767000000000372e+00 5.630164999999999864e+00
3.216635000000000133e+00 1.636837000000000097e+00 3.762361999999999984e+00
8.244037000000000504e+00 6.041864000000000345e+00 9.506728999999999985e+00
6.035976999999999926e+00 6.322148000000000323e+00 1.621696000000000026e+00
3.721791000000000071e+00 4.741438999999999737e+00 5.022897000000000389e+00
5.544196999999999598e+00 1.765648000000000106e+00 7.537651000000000323e+00
1.130134999999999890e+00 7.764670999999999879e+00 7.977362000000000286e+00
8.982428999999999775e+00 7.295137000000000427e+00 9.626139999999999475e+00
6.708261000000000251e+00 6.864684999999999704e+00 7.033261000000000429e+00
9.590991000000000710e+00 4.649003999999999692e+00 6.443856000000000250e+00
4.556370000000000142e-01 4.212509999999999977e+00 5.307337000000000415e+00
