6.895518213411111041e+00
2.987444950499238860e+00
1.264673329476444508e+00
1.379720715751847848e+00
1.587912075953777036e+00
5.768753022261019936e+00
2.930240350418563011e+00
1.633766450506102252e+00
4.448221544198125876e+00
2.214677034784569010e+00
2.171190164774682074e+00
7.405801923394349728e+00
2.094251790618230302e+00
3.175701235525153709e+00
4.073265515665798198e+00
4.758030717275318011e+00
6.439176323550385383e+00
2.349666055153914801e+00
3.686419742038068659e+00
2.212712241367900567e+00
6.887181279482651242e+00
1.612317758629946862e+00
4.637849118532600734e+00
1.843734801507893595e+00
1.358842723180482714e+00
2.222942905038981287e+00
9.404475300292164164e+00
1.778290682003092815e+00
1.672475082464636609e+00
1.574170808414228517e+01
6.000954776286349102e+00
1.942827695809468569e+00
1.814833490909427471e+00
3.474540263690779618e+00
7.561772543956348791e+00
1.916055330313198413e+00
7.225610447132143399e+00
2.920800647539156802e+00
4.459007662330686017e+00
2.459986106909228809e+00
1.460802181400101318e+00
2.364011597732299297e+00
2.160082345719692931e+00
1.380847110792992494e+00
3.017156247831336735e+00
1.683681461964351200e+00
1.452416340141663653e+00
5.660699751932966706e+00
3.116430033040050951e+00
1.595715720609163224e+00
1.140275665190136678e+00
2.918781862127178162e+00
1.398946223511420506e+00
4.206752436116971694e+00
2.160735421821107671e+00
5.971956958696964080e+00
4.495418035265700496e+00
4.237408754152466095e+00
2.242429152868033171e+01
5.961915258333230661e+00
2.016828298329019109e+00
9.977447913119116052e+00
3.902501624470545494e+00
5.043494821450643428e+00
2.213230466875015789e+00
2.753450694324207415e+00
3.059430137898899726e+00
1.194324475486362003e+00
1.105930446919687116e+00
6.443864962869512603e+00
9.896501653325477932e+00
7.220120231815516654e+00
1.330575950974025812e+00
2.122735403403742893e+00
1.866282370403213520e+01
2.155753904417432310e+00
5.617976282821448564e+00
1.146628851064749277e+01
1.764286042749908967e+00
8.763105803480790712e+00
1.535081488794286564e+01
3.540268832479856354e+00
1.192034234423098082e+00
2.275906156495118626e+00
3.643102865097603615e+00
1.920219611453876318e+00
2.709522583419536446e+00
6.388330284546551496e+00
1.181485256590756094e+00
1.175345622958247294e+00
3.462100999167073034e+00
1.164242985142031728e+01
3.014663941458020524e+00
1.140024201861241870e+00
3.766637004825689861e+00
1.123623456810577892e+01
2.635997347977676597e+01
2.241608918312127496e+00
6.026728498589585037e+00
5.192567864306349534e+00
