6.356376387616491819e+00
1.301039201789675692e+00
2.572063436402287184e+00
6.594522822928677641e+00
3.551230572127920038e+00
3.441890852865115313e+00
1.918424289461660992e+00
1.269255445944572180e+00
3.869892684312174591e+00
1.699856688520595016e+00
3.866152999625368736e+00
1.380557044642445996e+00
1.241047955886435572e+00
5.904350422067054183e+00
2.591361419917009190e+00
5.818183358964776453e+00
5.330586863947072374e+00
1.885923777022543657e+00
2.204856597153451947e+00
9.166887282248083579e+00
2.718029744305054951e+00
1.441951430697699932e+00
3.810430356948976804e+00
3.020956022381349637e+00
1.896084396514698067e+00
3.179935163783769170e+00
1.901121266029234480e+00
2.745562279071749767e+00
1.623579487952695244e+00
7.588221953525223107e+00
1.375611683811177599e+00
1.693965361489143451e+00
1.944228177939674174e+00
2.169709062399855171e+00
2.464844062812213021e+00
1.390773195726765277e+00
5.294746749141655329e+00
5.573071849296971081e+00
1.362953751842491457e+00
1.505237436592300249e+00
5.255873157399911122e+00
2.414924612371342594e+00
1.511217659003142755e+00
1.339793468667105358e+00
3.272202044424964651e+00
3.797588407530381627e+00
2.094119973229567222e+00
1.546177081817015297e+00
9.876589880515068032e+00
4.780074281756049537e+00
2.030061411056509613e+00
2.205322594719044460e+00
1.139928090001166350e+00
1.288755103019015635e+00
2.240770766428892724e+00
1.262643244052587876e+00
1.046970774703834728e+01
2.394274238291367318e+00
1.134583742515934723e+01
8.335096731625517563e+00
2.420064087751128135e+00
1.022101726302001090e+01
2.229606028319978606e+01
1.735985411666377587e+01
3.200033712980942191e+00
2.304372446571607558e+00
1.916031615273574573e+00
5.556754351927566837e+00
1.494911092989179568e+00
2.073191676581384701e+00
3.933199853863073692e+00
1.493057861425297794e+01
1.640327929181181643e+00
1.252159525106696236e+01
7.092801779495128578e+00
2.476221549283267986e+00
6.503158150533515425e+00
6.035732921619330504e+00
6.479383065343708559e+00
1.975916190777856229e+01
7.504228930228477701e+00
1.567787046664784523e+00
1.605354034149589548e+00
2.112943820395681183e+00
2.347537846054556177e+00
3.112453258686213253e+00
3.162656686219462276e+00
4.124278398402839052e+00
1.963907703432702379e+00
2.237565405353211023e+00
1.301848416516380835e+00
3.637144384918407969e+00
3.424536703627321987e+00
3.871515553177128588e+00
4.192780153976547020e+00
1.777110719475152933e+01
3.233252408513894505e+00
3.994039955198345204e+00
6.745325542046453293e+00
2.196843216687213385e+00
1.231138890805995700e+00
2.124841790471595715e+00
2.979435317087618440e+00
1.376306476503681875e+00
1.486140982805552291e+00
3.325206249650194401e+00
1.234549818012902644e+00
1.545393513835439769e+01
1.520115658362984234e+00
1.742068548603576517e+01
1.595155533343374010e+00
2.214289124258343122e+00
1.252866041824788335e+00
4.613779766887869727e+00
1.651918106636755645e+00
1.197239545547503115e+00
1.732921357516981509e+00
2.104110978554590172e+00
1.565991639266304469e+00
6.478951272152722929e+00
9.532205169294062586e+00
4.635046251269122308e+01
1.655960246802319569e+00
1.523492905763035310e+00
1.106569302408814615e+01
1.288984695050607643e+00
1.028930323815160364e+00
1.929368629122290679e+00
5.462120031446723090e+00
2.938915598836548071e+00
3.267249890247015287e+00
1.761327587046848553e+00
1.461944633758585255e+01
1.429499665727915314e+00
3.507643619062964735e+00
2.272352864568158992e+00
4.954634526792230709e+00
4.597244022276496089e+00
2.284648481546105447e+00
2.850441644795338902e+00
5.266265160027704617e+00
1.160977073835925566e+01
2.044386973877241775e+00
1.932981308782642182e+00
3.752559409517213673e+00
1.259587618085800553e+00
2.724061570208315519e+00
2.028995045090285387e+00
2.782484621400544089e+00
1.941451318963665296e+00
1.683563592119919017e+00
7.359429421543332239e+00
2.509714375629368721e+00
1.567747040006962411e+00
1.275643852372849718e+00
1.917890393214370715e+00
3.137949036645163670e+00
1.210715304250019164e+00
4.159603295467156236e+00
2.553829716800034788e+00
2.407956922727277238e+00
2.350827320146888333e+00
2.185430063105747500e+00
1.817735616002954080e+00
1.104894265865004499e+01
5.004178603028230476e+00
2.998011375659261457e+00
1.758458070744454593e+00
4.916610339113652195e+00
1.710357526224610014e+00
1.427343261157076881e+00
1.707446523848516140e+00
3.828468375951290081e+00
5.030428820616195118e+00
1.459502394571459138e+00
1.568728667930967990e+00
1.934872127551010790e+00
4.641102244545872502e+00
1.377827294454939455e+00
2.437509291052827987e+00
2.364011597732299297e+00
1.876950141006954897e+00
5.302864619724656947e+00
5.404197369588864319e+00
1.410920202826954117e+01
1.336118866808839734e+00
1.172370373792661624e+01
1.860144594686987896e+00
1.032223112087808481e+00
2.112408144907529373e+00
2.111054133917583453e+00
2.152991057397827035e+00
2.994323889318657894e+00
1.352251946752085265e+00
3.785465708706176269e+00
4.153999148208265879e+00
3.053712266326772617e+00
1.397974102120737916e+00
2.157566529210719608e+01
7.478051085412944943e+00
6.644735400353853016e+00
2.820864375284367842e+00
7.606098845094932059e+00
4.189011260835199479e+00
1.160245707390885617e+00
1.927601584306958493e+00
1.065759510577863445e+00
1.541101546561709057e+00
1.181485256590756094e+00
1.994745518468537870e+00
3.764767921896442271e+00
3.058885089082227893e+00
1.501874077315067835e+00
2.903731270478491666e+00
1.397998262322603935e+00
1.340413329772197404e+00
2.320585567683472572e+00
7.952183991049419198e+00
6.214584451593046843e+00
1.044786358661871084e+00
6.876452827166328774e+00
2.191852236546154131e+00
1.127086271097873738e+00
1.641092353540929638e+00
1.365758828419711612e+01
1.065692730239652608e+00
2.204033721745743080e+00
1.202596728257631042e+01
7.215423712339662288e+00
3.167669333427018064e+00
1.410044455681417475e+01
1.483899533054625408e+00
1.444861374895742179e+00
1.417573056973291168e+00
1.101768979192005338e+00
2.422762803739383131e+00
1.887096795369826774e+00
1.678313381876424204e+00
1.888550581443913856e+00
2.739923615883129493e+00
1.216456080990861333e+00
1.665040096351480514e+01
2.721250918291412546e+01
1.926032714546092262e+00
2.331043076234927902e+00
7.157436563368192672e+00
1.539313145887148515e+00
4.381350440603662300e+00
6.945387373841684919e+00
3.926609773152986094e+00
1.551762010285270277e+00
3.230550687994681702e+00
5.450876534813301255e+00
1.036822077854683499e+01
2.424181537372283035e+00
3.139050525697892891e+00
1.108998058318802826e+00
2.050470438200636014e+00
2.069041574367479708e+00
6.788798421718293064e+00
1.325738681842792976e+00
1.329599642359366340e+00
8.441926471958831613e+00
5.792838247868251855e+00
1.308519659909128219e+00
2.156165980535627469e+00
2.795514507592357756e+00
3.453433218194188026e+00
1.863692680212877262e+00
3.264137067441412299e+00
3.613908191397269931e+00
8.847326325840905170e+00
3.731416508902828166e+00
2.740387137075230850e+00
1.028153615073893024e+00
1.912238654353772915e+01
4.003856777107365872e+00
1.519767118731924604e+00
2.194165418838705861e+00
1.470687458017336624e+01
2.575954292084912112e+00
1.711828382131555415e+00
4.820106484823925896e+00
3.627086633153653317e+00
1.059126434587734700e+00
1.467869442491259724e+00
1.282404790481287860e+00
4.821922867697903570e+00
1.840808210653543053e+00
3.047239904764777130e+00
1.272770480787329461e+00
6.750891790014704519e+00
4.638265159651075997e+00
4.578656085220202954e+00
4.542255439682199025e+00
3.605323805161163353e+00
9.573820238967522656e+00
6.613183914454594081e+00
2.468855202744852040e+00
1.234397964547975457e+00
1.711767587700363524e+00
1.593044099378426504e+00
3.857935950365299238e+00
1.912691929166541405e+00
3.098000052881062505e+00
3.873393549510046885e+00
2.679841827777555974e+00
2.633537947620580688e+00
1.294897072900913937e+00
1.884519371747759298e+00
9.530344627911897959e+00
1.955525697999972889e+00
6.613923077114872484e+00
2.522637141761966628e+00
1.483370390029251418e+00
1.196010558636521282e+00
2.268064883132607346e+00
2.093490530682184936e+00
7.364260450069207486e+00
1.515157559180852376e+00
2.704980738276430152e+00
3.278774807904313082e+00
7.035852894903703358e+00
1.903683892983295545e+00
2.411999404440788641e+00
1.106176066403263292e+01
5.022990850714109001e+00
2.605351822244670323e+00
2.380705000424852891e+00
2.662490954515503550e+00
1.447270684472560909e+00
1.853685126275582018e+00
9.882354397541199376e+00
2.177203449219473619e+00
1.895804262834483556e+00
2.658854633414178892e+01
2.827224113794981619e+00
1.518784927662625517e+00
2.504947108397387989e+00
1.554253916629832810e+00
8.318558262002810011e+00
1.643718723012475680e+00
2.226591766273452233e+00
4.757981835769981238e+00
1.702623328458886087e+00
7.215463548302119889e+00
4.493734336499227489e+00
1.210530157150807362e+01
2.502185988826140406e+00
1.731400616943063131e+00
1.865657345872264727e+00
1.814577349058932088e+00
1.943469523597412207e+00
2.973872062588645004e+00
2.947404960606989199e+00
1.411322947502878788e+00
1.750764517819721533e+00
7.573658153996047027e+00
4.371880431025649827e+00
2.300529081401274567e+01
1.706016974336403180e+01
6.018224322058387976e+00
2.243227573694114074e+00
2.962586474149941029e+00
3.414435325646552499e+00
1.621498657173674030e+00
8.866835206484779519e+00
4.549057494732561047e+00
3.984544144926634779e+00
5.683142160965481082e+00
2.054914493991830682e+00
7.688422403636394620e+00
1.308356336704584288e+00
3.939638623482754287e+00
3.590558148369146441e+00
2.644995041066966479e+00
2.094910681876910985e+00
5.714956349180133621e+00
5.159524675840719610e+00
2.002163557410943984e+00
1.919383741438792645e+00
2.214771449226994537e+00
3.044750010555096864e+00
2.429362938939685801e+00
3.015923330699685323e+00
2.373685452558170539e+00
1.860342087187288884e+00
4.111462019226260978e+00
1.421963401676016092e+00
1.108043717436008491e+00
1.785438188517570302e+00
4.327984359253126456e+01
8.737301817346263988e+00
2.377754686509838233e+00
1.802702556202158135e+00
3.445476527098274566e+00
1.339493686015771878e+01
1.914615263905299347e+00
5.393889986839545791e+00
1.009082379971827059e+01
1.401725813387723285e+00
2.555107474126852463e+00
1.629906114645334414e+00
3.958904818021813377e+00
1.335960524858288645e+00
1.618835143235623830e+00
9.106224878095876107e+00
7.875210248668896895e+01
1.335656925195048084e+00
3.138464651043341824e+00
2.099535308030865188e+00
7.220120231815516654e+00
1.590342726145110852e+00
6.026875243798624382e+00
1.386683502704122661e+00
2.805772950011533595e+00
2.494896296242230527e+00
1.947229143183667466e+00
2.524572135995157396e+00
3.921421201169145387e+00
1.533953997492964128e+01
4.370616455411298062e+00
2.242644206924589412e+01
3.101942421588595789e+00
6.369418781932268736e+00
2.214254292581281369e+00
1.467391817020157418e+00
1.599754040378519537e+00
5.578883529406178710e+00
7.041442002100305686e+00
1.142248920398867273e+00
3.467446867665943788e+00
1.998395430720766752e+00
9.850118031777295613e+00
2.381581353172042892e+00
2.541917234344629239e+00
8.757086515628522250e+00
4.485183889685692371e+00
3.847146650429233983e+00
2.174584058145510479e+00
1.294330659106978976e+00
1.572985877270274946e+00
3.237565564574396593e+00
2.935935104779479943e+00
8.470759939570315922e+00
1.096477100081338696e+00
9.555199555302557712e+00
1.332767749559244841e+01
1.489280328435046430e+00
1.382213759700053890e+00
2.290111356089522321e+00
6.867250553276655012e+00
1.074450899790443970e+01
1.871845806030913995e+00
1.966853247208927069e+00
2.374467227139236858e+00
2.729470672035218204e+00
2.719459972750076115e+00
1.693684178665961326e+00
1.389684652794350583e+01
3.878211882573345370e+00
1.827636116648763798e+00
1.010401370386282593e+01
1.836453878833855358e+00
2.243201333722153468e+00
3.447371010911656874e+00
5.984285942238809497e+00
5.659556406823546659e+00
1.843734801507893595e+00
1.281214759779072399e+00
1.594569109563279241e+00
3.174690305182336747e+00
9.621429196955691765e+00
1.118986298210114505e+01
1.460870298830703895e+01
2.229569640637160788e+00
5.118505854534314281e+00
1.091153574118282066e+00
2.351973348814344167e+00
1.034063095218808925e+01
8.222345207333026096e+00
9.995719628073459262e+00
1.270164426058165041e+00
3.760976403192268691e+01
1.559399514351859395e+01
3.187907925819432275e+00
5.192661091463437906e+00
3.777747869820490489e+00
7.541033664958094462e+00
1.758713402835311745e+00
5.784984071418632467e+00
3.866447466765360996e+00
4.275584989758764998e+00
5.412038963710592299e+01
4.871732605704877983e+00
1.195915155118544293e+00
3.114062353859647470e+00
1.221480515660046118e+00
1.065775736438996812e+00
3.429130418807600833e+00
1.495854297248049081e+00
2.273349015472266199e+00
2.516694485560527994e+00
3.160641332750509847e+00
1.760490093901570408e+00
1.452709343351668014e+00
1.108497143165618537e+00
1.073853679453329990e+00
1.720870725089798992e+00
8.401052317748636256e+00
1.251441561569038186e+00
5.759722374865860139e+00
6.302991829874192042e+00
1.748278064886723326e+00
3.224582436175189137e+00
5.799551234335371674e+00
9.093766382856129482e+00
2.878867058248180566e+00
1.331881198743590344e+00
1.831283956252625966e+00
2.791028381225779675e+00
1.188817820758549137e+00
3.232403022806872084e+00
8.461146602313615261e+00
4.389057270510597242e+00
2.174675038578991693e+00
4.178436509923672659e+00
1.422499270583986064e+00
4.504153631138877500e+01
1.759440907524603137e+00
4.622180647838297851e+00
1.866644518150731624e+00
2.297331391537456913e+00
1.543190796819545962e+00
2.053311985484366442e+00
2.164448876436181557e+00
1.020007231851730145e+00
6.017897820319456414e+00
2.131642591121324148e+00
3.219359659711092281e+00
6.750450344912244383e+00
8.531977127081892931e+00
1.336841585365186269e+00
7.090063580892977058e+00
1.198460250329099308e+00
2.344362204726772259e+00
1.453169711501861361e+00
7.519917350728421823e+00
1.320859689981816354e+00
2.055781720756317377e+00
1.020886783609780135e+00
2.009331625157921408e+00
2.983075988391714617e+00
4.097437615904468977e+00
2.459196499639102473e+00
1.875226717277122646e+01
2.178409096823529012e+00
1.186221337449218538e+00
6.447869428602282404e+00
1.919022093241581350e+00
2.210661980796981396e+00
4.684534141294317777e+00
3.303496333308229005e+00
2.842470795122312932e+00
2.910994854431613099e+00
2.136832864521901687e+00
4.334794451223064726e+00
2.365820151053727116e+00
4.620911211715081457e+00
3.127656992001145220e+00
6.641702072889681396e+00
2.810766672747252315e+01
4.545080739159907957e+00
2.955926830603666566e+00
1.816093621597533625e+00
1.508792572041893321e+00
1.054523070223914116e+00
2.246444701004900235e+00
3.559119220340112744e+00
4.127683782601221196e+01
2.623048970691248982e+00
3.888641390901236949e+00
9.138326376694049458e+00
1.435635521722387509e+00
1.234412414770613253e+00
3.949956851460146634e+00
1.527650190285869680e+00
1.005187399834166939e+00
1.865894568208091631e+00
7.676969020441625879e+00
2.236658242597815871e+00
6.377915004608984084e+00
6.962618029943361542e+00
3.703963535779716487e+00
7.310903870807411664e+00
3.065489858574695248e+00
1.625377370266439581e+00
8.272268445950833993e+00
5.683102023137005077e+00
3.317663550814953677e+00
1.205691746038205947e+00
1.578626158253973122e+00
2.286896315975222027e+00
1.307329262293275063e+00
1.932440091837267948e+00
6.581778831009000186e+00
1.770110676295735042e+00
1.809216942326186350e+00
2.930331963300974785e+00
2.971563299584969453e+00
2.671738147393277529e+00
4.484958575033122230e+00
3.194015572885605447e+00
3.511270676044592864e+00
1.277357548775068530e+01
1.833629902152404068e+00
1.238785758805394099e+00
2.276299261853078182e+00
2.623559904151533839e+00
1.676681539765777718e+00
1.469503538950279076e+00
1.812289566839026866e+00
8.786435842100868143e+00
1.254268443028995872e+00
1.232406937048293516e+00
2.665208697536440852e+00
4.010479208225892656e+00
1.283108000670975635e+00
1.723581591474377950e+00
2.139107245240060351e+00
3.509345011794704039e+00
1.119637773961564831e+00
1.366567809269277456e+00
1.607256259089310024e+00
1.312956793599235450e+00
1.281313074865309432e+00
3.620482586767537647e+00
2.839995799909740715e+00
1.404911197664478362e+00
2.550624506406199643e+00
3.471007585760709446e+00
9.226831755144081271e+00
6.251978581817058789e+00
1.989895534641560992e+00
1.543764327324611108e+00
2.293498379485785943e+00
1.375070813199284592e+00
1.718005241251882698e+00
8.104043274113630346e+00
4.676235918014382875e+00
1.649472704798463418e+00
1.441490179860936527e+00
1.169816999321224138e+01
2.450179208320033997e+00
2.613032224930074587e+00
3.687528413353133860e+00
2.548211265233094824e+00
1.066561598317395498e+00
2.228998642892042081e+00
3.224464599603487081e+00
1.743440989918353168e+00
6.732040106474556751e+00
1.186026732079444646e+00
1.582345221418501957e+01
2.555945877220402895e+00
1.195818050495498719e+00
2.070674620261505616e+00
1.347965278133176570e+00
3.974663300754296635e+00
9.191088637483179724e+00
1.464305872255782903e+00
3.150156786303659029e+00
6.297808300119701386e+00
1.919244935737337565e+00
1.905219946295080069e+00
1.712425983681469699e+00
3.888488037185618307e+00
1.276929949070766179e+00
3.758448212090700125e+00
1.541421556672230908e+00
3.422376776336367499e+00
2.005365154360517987e+00
1.515233166216856775e+00
1.096781504116131734e+00
1.359971347705058697e+01
1.257374320682487667e+00
6.103502220472144302e+00
9.253442197557490090e+00
2.755735340317343240e+00
1.506419515812504173e+01
1.105551152352153732e+00
7.121803205461649355e+00
1.855101584350546728e+00
5.874980635682460317e+00
4.613363679517351379e+00
6.406020129122877549e+00
1.536120015514399917e+00
1.767590080816247022e+00
2.469201613232217429e+00
1.395627657634561425e+00
1.224168801871309720e+00
1.492790326282803282e+00
3.216461360034655215e+00
2.689252492070717704e+00
1.534021664545727415e+00
2.911754251328644294e+00
1.821574457400587210e+00
5.416652632308324833e+00
1.716941076745314598e+00
2.063691387254973808e+00
1.130319923574196750e+01
8.751121664974107262e+00
1.055820075246220124e+00
3.525088325120054211e+00
2.047989649417233604e+00
2.162965341852455037e+00
2.706834942446871395e+00
1.299643306843250912e+00
1.419569610253529124e+00
3.259286412341162897e+00
1.943503917326232067e+00
3.544708237365521430e+00
1.700053333891505591e+00
1.517933638017469633e+01
1.272210244020716630e+01
1.224779393050991372e+00
6.397977122030969355e+00
1.860689768978922354e+00
1.021099141086873807e+01
6.400897993134493369e+00
1.897086678397521986e+00
2.228632047262750326e+00
9.792182685752614191e+00
1.456484004290280332e+01
1.544972786815676402e+00
1.933296758763012546e+00
2.224764182524346712e+00
2.063115856208153076e+00
2.394982949653174931e+00
4.318528683358726639e+00
2.069539481361740041e+00
1.209724311890141291e+00
3.159721131259241478e+00
1.523010132973695141e+00
4.585064877941084305e+00
2.660224960277773221e+00
6.473513793893877377e+00
1.486958548253845436e+00
2.396163067047134998e+00
1.630757696171375670e+01
2.119642239174778453e+00
1.280692407657684484e+01
6.362274960883977926e+00
1.618652646120522620e+00
7.030930293213106808e+00
1.503023448391436423e+00
3.821242446308326102e+00
3.850874044905687299e+00
1.293231318492272353e+00
8.398890004721311087e+00
6.442927755429582071e+00
1.982612958225987398e+01
3.930348483690310424e+00
1.609310360566635012e+00
1.621190192726276846e+00
2.261689395097274069e+00
1.731226728846542384e+00
2.085272750872912972e+00
1.424547884290245703e+00
4.647640137578743946e+00
5.864568142925340233e+00
2.337414584555795205e+00
3.684207880401788060e+01
7.946126816936859072e+00
2.801304784478118481e+00
1.109750171040661426e+00
3.788595005012993955e+00
4.951706868245635995e+00
4.267311896675592742e+00
7.742762493090189935e+00
3.608912641679969724e+00
1.614509719556487033e+00
1.267176875758342591e+00
1.054707589706203263e+00
4.148246931507019397e+00
3.038165756222599878e+00
2.993135532394495257e+00
2.742427404301400529e+00
1.241706233509394908e+00
1.158860127526557537e+00
4.654995852217088448e+00
6.695421665476697370e+00
1.681589564469377907e+00
2.462025883538435878e+00
4.864844582750023072e+00
5.211709197005816918e+00
2.491411145467576915e+00
1.568353808093704282e+00
1.836505760151527999e+00
2.481364090150492530e+00
6.299251841754045067e+00
2.432529324220550127e+00
9.675849038254904499e+00
1.846258209818272933e+00
2.385205606006706613e+00
6.107213322557313084e+00
1.954524510042471741e+00
5.036522992759661754e+00
1.276576143568986632e+00
2.163510830040313415e+00
5.132583666187636062e+00
1.736551712591084851e+01
2.821824022869512838e+00
4.930096778655737033e+00
1.140288087397554051e+00
2.857294360656403853e+00
1.036389864511684600e+01
1.404263380653168802e+00
9.035222623712551027e+00
1.163947532052092981e+01
6.369516979440907001e+00
5.432848119276322940e+00
1.325099643309368691e+00
2.241513314984632466e+00
8.080168688716117487e+00
3.384184825498099514e+00
1.991226393086906743e+00
5.851455722634976375e+00
6.141114273782950050e+00
2.409395780762391137e+00
3.291336858583063218e+01
1.336134162238013623e+00
1.077711251778787460e+00
2.549231318030438231e+00
2.196911811097857381e+00
3.141462775937005514e+00
4.413021623715447816e+00
1.439764902014855963e+00
2.532119276954416875e+01
1.517085438072826475e+00
2.727437971573017705e+00
2.182318952426661074e+00
4.520223830294154865e+00
6.360899003600670731e+00
2.026011835808958494e+00
1.416232937135937453e+00
6.757302737963542860e+00
4.668545327335372086e+00
1.714739044732749296e+00
2.070728250056562025e+00
4.598251363392801494e+00
1.673122037960160124e+00
4.037322283716834548e+00
2.297009954659336994e+00
1.987332130791275020e+00
1.465202944821536457e+00
2.965636300493694311e+00
4.271862333043940474e+00
2.121405317186384476e+00
4.112862772190135630e+00
3.208512897355698001e+00
1.092812763972087176e+01
1.532659244009724420e+00
2.034457930816853999e+00
2.248394004309560046e+00
1.007013000573173578e+01
6.258726065619166334e+00
2.577128849115775999e+00
2.170603338942891369e+00
1.618843999057610228e+00
2.291800751134660530e+00
1.044029184401200716e+01
1.710004168628354648e+01
1.548188389685243394e+01
9.116931745985782598e+00
3.429738452826778694e+00
1.224862098098122409e+00
3.130682929423341587e+00
1.980576449657237115e+00
7.512448330215519832e+00
4.893596769319780826e+00
2.061557846259233440e+00
2.582029367347444815e+00
1.872930383008209354e+00
4.196525279116047891e+00
2.064501836881195374e+00
3.503275022010792661e+00
6.714408411896409135e+00
7.000509806035931426e+00
4.142912827892843097e+00
2.244898990673195538e+00
3.782838517196295047e+00
2.643926532083035408e+00
1.283812860870558303e+01
2.872130256992867725e+00
2.936234787535605850e+00
3.219157532479716810e+00
6.194928855790728939e+00
3.702863851080790081e+00
2.726413430358279211e+00
8.616231949037523208e+00
5.855972848466633351e+00
1.162733775688375815e+01
6.041267753301132970e+00
1.052998390930172334e+00
2.265107853032032992e+00
2.435883739228572153e+00
1.729454052554846744e+00
3.457562400348957343e+00
2.425984870187919196e+00
2.420401145539956556e+00
2.328334324970427804e+00
1.018585048595115872e+01
1.266839122403776940e+00
1.578078710959684772e+00
7.846946349243834717e+00
6.315167242247324175e+00
3.407703506814077965e+00
1.965262861490874258e+00
3.963097307459161112e+00
2.475747625625022597e+00
1.339225711622706649e+00
3.559311289286215096e+00
1.718329703316367807e+00
2.898637637437010195e+00
1.907176352377586870e+00
2.060913418277604947e+01
1.548707369708521409e+00
1.599593511446419924e+00
3.845720844106293335e+00
1.135934399135271722e+00
5.370663013094552518e+00
1.309073241683046840e+00
4.319437619246873084e+00
4.670286667252032231e+00
2.427864047696991712e+00
1.252690799024787971e+00
5.304879283164405379e+00
1.061461104155159063e+01
1.229720945726455961e+00
1.833971348760712106e+00
1.192762145430262155e+00
1.752851168259041748e+00
4.630624225125161253e+00
2.320398806616260856e+00
5.384991796009884091e+00
1.770234038343120764e+00
1.060752521739960486e+00
2.786449818963857794e+01
7.110270306351944569e+00
1.095712722821320639e+01
2.422346387125394784e+01
1.999506305731393319e+00
3.213060061108451659e+00
1.742512149085343465e+00
5.862441192784220156e+00
2.094251790618230302e+00
1.808604966885929199e+00
1.250564687291483290e+00
4.234646654218341411e+00
2.238798585809926411e+00
4.828016358581250778e+00
2.295119486733041470e+01
3.824766587444120791e+00
7.067019802820233565e+00
1.190903146078736707e+00
1.645186410338257854e+00
7.710631809984629825e+00
2.519000671101074840e+00
8.508734227332420019e+00
6.057322101054031016e+00
1.509382398563420269e+00
7.953473627811367130e+00
1.388800122401582193e+01
2.869991236498441012e+00
3.115023114190734521e+00
7.061297646736495182e+00
1.137940793704646847e+00
2.623556017247940630e+00
6.586595650513230815e+00
3.836486368026561955e+00
1.432411838635180512e+00
1.869560485339052391e+00
6.512842195318995664e+00
6.852737755698441013e+00
2.070432483360980669e+01
8.526890775295337122e+00
2.174863324347212412e+00
1.061628021261606269e+00
5.588895938190901802e+00
4.493209807699972913e+00
1.902898024206484351e+00
1.588596419944002358e+00
2.492206529769807499e+00
4.853417963712899130e+00
2.221215018600730229e+00
8.859284408954327006e+00
4.026986571289444150e+00
1.346217554522735860e+01
1.683786135195750600e+00
2.021993517891786052e+00
2.334926065432050279e+01
3.813156941986493464e+00
1.624700941976418012e+00
4.970274442534647008e+00
5.269972573341236810e+00
2.733755918466090229e+00
3.808228202875985069e+00
1.535102356514916222e+00
1.578088332844511221e+00
2.244523537324364604e+00
4.697391855839010866e+00
1.035221876563760413e+00
5.209591960185491644e+00
6.257312498366983000e+00
6.209379397028865100e+00
1.168099962985786711e+01
6.821234199637827622e+00
1.069300672284922982e+00
3.021220556283425118e+00
1.949454205298528198e+00
3.846458380128902732e+00
1.366590467627568417e+00
1.811966315855576326e+00
2.196398044737291055e+00
2.698960975951397501e+00
1.461749461709082265e+00
1.070420579598833832e+01
2.196713697625631401e+00
7.804793291108047981e+00
4.718930216292031687e+00
4.515008321609551345e+00
1.099100150938993492e+00
2.056805207781593481e+00
2.621871220968877036e+00
1.105211923257501949e+00
5.988124945128760146e+00
2.244662804550285440e+00
1.069868845053742801e+00
1.250086637645291709e+00
1.060750664036039126e+00
6.975827756471509211e+00
2.746979187444017700e+00
6.844541389499529060e+00
1.081199872789797567e+00
2.831232034048388968e+00
1.551581697568468421e+00
3.444312709136529538e+00
1.238811658835114571e+00
3.449910837161681787e+00
2.640567641597916015e+00
2.105477261153508639e+00
1.656291723336521748e+00
1.263733790083062969e+00
2.370238395083145821e+00
5.603761836757792381e+00
1.479014595238865359e+00
1.176193573389703539e+00
4.047869089889529981e+00
3.725809003746580750e+00
1.157728626121177440e+00
1.086542791641238237e+00
2.475480257936873763e+00
1.508794128012111546e+00
1.894742323976082110e+00
7.112195763995327269e+00
5.429491343604383680e+00
1.315312374122386219e+00
1.953826030342508124e+00
2.920554667199661836e+00
6.688480243339479436e+00
1.133206049729158726e+00
1.594652417702222325e+00
1.129299889385329436e+00
4.609208980688798363e+00
4.419584447138278804e+00
1.481771033654754266e+00
6.136482955065925005e+00
2.780742893955350237e+00
2.717679981543129841e+00
4.566785184795063124e+00
2.469294805984449059e+00
8.356412737299811155e+00
3.692764843552414522e+00
1.198119555260867886e+00
2.002300358376302380e+00
2.105920153547056195e+00
1.806686509168856647e+00
2.196825551092036033e+00
1.868763484718225953e+00
3.599853258586743543e+00
6.461044040382054376e+00
2.594728814173390408e+00
2.254079729998033521e+00
4.546166741662267086e+00
2.218255906734447169e+00
2.375236940088663040e+00
1.795987651360253290e+00
4.648605413036755785e+00
2.297493448097500668e+00
1.631495492245423673e+00
1.672584306927009656e+00
2.448918819156320925e+00
7.879274925035395505e+00
1.465251706624129291e+00
9.843122726725940907e+00
2.655463253243679933e+00
5.952983234477715158e+00
1.123742917151734799e+00
2.234872610940448645e+00
3.972109345944379033e+00
2.571146539671428588e+00
1.848291066539777372e+00
5.974293091608831929e+00
4.154463584532540388e+00
2.933717887299199134e+00
2.844203541477829056e+00
1.626406030306578598e+00
2.767682818912334142e+00
2.296489842767938772e+00
2.893667748386677285e+00
1.546297854156204021e+00
2.016435233062088273e+00
1.222453441567922461e+00
1.314948619099746097e+01
1.158372511858590137e+00
2.657669835616114362e+00
3.141975233916507015e+00
1.257820644955058187e+00
1.128094800878027604e+00
2.189384159787044926e+00
1.932236084152493927e+00
1.310278034254518831e+00
6.946315291046937013e+00
3.331545853527856149e+00
2.507775272136127498e+00
2.413213492931533644e+00
6.173165379424411903e+00
1.409289160279115327e+00
1.418664984309347510e+00
2.096022082804526399e+00
2.416560664460742469e+00
3.471378230288334255e+00
2.451269729318256818e+00
4.559562894172809244e+00
1.676118515147143606e+00
1.613271662283360719e+00
7.640930232833757607e+00
1.944396505744024450e+00
1.857306820535169489e+00
2.028548475191431333e+00
2.105661039479613361e+00
2.563250584942593058e+00
3.503889617212322172e+00
1.084436513922851564e+00
2.221406508274487379e+00
5.529505355398594446e+00
6.379263963849290953e+00
3.725916593689992951e+00
3.492599115434685153e+00
3.682259782106063195e+00
1.938974329927600992e+00
1.208869200453079440e+00
7.528969209448760580e+00
1.707821489545113636e+01
2.087207952456398008e+00
2.160163047147442228e+00
5.369806477817494539e+00
2.545059049891310377e+00
3.332158757411170402e+00
4.225762459866508003e+00
1.187154155689160717e+00
1.248698945708119679e+00
1.271149743023841872e+00
7.189818516469007825e+00
8.608217924313484204e+00
6.650964123051166688e+00
1.708808423449930780e+00
2.214039976277379029e+00
1.495119416820678948e+00
2.178859248119088043e+00
1.665084466578544475e+00
2.557546090024342078e+00
5.241789152174892941e+00
4.976211042290752395e+00
2.333814693042503219e+00
5.889966031888327791e+00
1.542589606101413713e+00
1.882788702024739136e+00
4.765039210429845795e+00
3.544487291776951654e+00
1.120697036634860311e+00
3.375185462952154491e+00
6.981121667351162685e+00
2.767666457040025563e+00
8.509892220173908228e+00
1.306737796217570802e+00
3.706664280653406696e+00
8.918127590369094193e+00
1.212698484223493622e+01
2.099195235023745720e+00
1.650738450405836222e+00
1.403368578192091931e+00
2.512490810726711210e+00
1.113526604586891455e+00
3.325631394038211397e+00
2.528337598344278625e+00
3.848009321267306770e+00
6.904454108784706889e+00
3.870900352243771270e+00
3.557053831424322077e+00
8.532580478943195601e+00
2.101919699081022053e+00
2.753818420999577743e+00
1.584652511062798474e+00
3.834462167996000481e+00
1.484860413316751560e+00
3.389645322021189067e+00
1.076813830326419197e+00
1.283028779520206886e+00
4.372425335760030229e+00
8.877161326410179853e+00
2.390398526927615119e+00
5.570960984669946825e+00
1.817991850912066054e+00
1.938827927887712743e+00
4.352248878450372338e+00
2.137753295789684760e+00
1.253270861348851906e+00
2.950881877842852496e+00
2.415357035843292088e+00
5.724672021963448820e+00
1.670481993888868644e+01
1.216805987653512000e+00
1.976847468738719638e+00
8.388217758988798067e+00
2.250352658002475525e+00
6.231055044462634918e+00
5.781298948344607780e+00
2.559384760238845757e+00
3.047781425416168588e+00
2.209766397174058650e+00
1.357893783385338393e+00
1.564870115317236410e+00
2.436127884849050851e+00
1.372726839242583985e+00
2.054695238779564281e+00
1.971891705327332822e+00
1.667143463341334231e+00
2.891313850052485979e+00
1.486001666265324817e+00
3.756707703635480122e+00
1.577187152285302707e+00
3.860156402549774324e+00
1.118063791172882793e+00
1.578396393890282967e+00
2.588719397481452411e+00
1.523126467673039386e+00
1.915063062795591131e+00
6.395988261054276869e+00
3.189817704809454035e+00
3.619497031483643656e+00
5.370636063094164747e+00
6.097603940339054951e+00
1.783984071136515359e+00
1.319928423416707464e+00
1.406562348921011729e+00
2.770574248138613971e+00
1.378659615377806569e+00
5.438864558353047940e+00
2.856287288567741722e+00
1.320210002317255160e+00
5.299763635549491703e+00
1.215575658791424818e+00
2.360143987601099447e+00
5.257019706749666454e+00
1.292569334409593651e+00
1.557881937338998668e+01
3.545698423792682963e+00
1.399998085055104369e+01
1.498383276559765775e+01
1.156970455278642840e+00
5.426548436343413329e+00
1.356198159370882728e+00
1.601885497881473164e+00
1.015631506917632088e+01
1.547644741655497258e+00
8.496132916198058993e+00
7.443760665378084340e+00
1.969632077072524634e+00
1.163171156978834775e+00
4.977391047800451496e+00
2.707545167349658666e+00
1.469106973783254277e+00
1.492400181623020350e+00
4.710682856437310662e+00
3.098458470334491288e+00
2.001716232603235834e+00
1.099877316499445534e+01
2.115856176396343713e+00
1.537570964667946960e+00
2.775298798697142022e+00
1.677032772222323942e+00
3.416072058146449653e+00
5.023034339342183685e+00
1.727236509388234476e+00
1.306566238480415532e+00
2.938262852953531734e+00
3.574139866316468517e+00
1.319663943991406185e+00
3.008858895299494574e+00
1.517354489441530729e+00
6.876862324577453833e+00
8.335657090186238349e+00
4.444227105434420899e+00
2.219930934140240009e+00
3.848335607966919092e+00
1.522018808376851107e+00
7.139131960657081777e+00
2.504241742874374843e+00
1.640632539181887228e+00
3.572347850530788627e+00
1.554837875359644128e+00
3.918387904270004274e+00
1.573807201601079120e+00
2.427775585377361267e+00
1.111112665546156286e+00
1.518656038325991453e+01
3.723723229374622079e+00
7.651029460515837322e+00
2.532894803733510170e+00
2.164814832198688865e+00
5.320919629800514805e+00
2.240367114634149726e+00
2.188365236702351169e+00
9.269261001204432660e+01
1.708332952894615842e+00
5.362762555224551697e+00
1.323624082982399086e+00
1.652162435557359643e+00
1.124263923688118716e+01
1.174241510490323215e+00
1.606114000620963989e+00
1.461996911808030486e+00
1.919846979847232404e+01
1.384131331875515736e+00
1.416347142614639676e+00
1.526689017618846789e+00
1.200662587174124596e+01
8.978214608997136637e+00
1.000044533898605437e+01
1.356835352867066913e+00
1.753481875901574005e+00
1.296987223737581374e+01
2.564708323532231660e+00
1.038024062766484512e+01
2.231979986092139878e+00
2.120734266886662223e+00
1.184832287108431803e+00
3.153801471480336183e+00
1.052138157084488101e+00
3.094588611866470274e+00
1.258377534696503819e+00
4.187042902889826834e+00
1.080081847643785675e+00
1.950752616981367149e+00
2.505556480888976090e+00
4.108704857158987700e+00
4.223549001337807418e+00
6.516419847228910989e+00
3.654229920620990058e+00
4.099492512638822639e+00
1.956319219940089837e+00
3.544380051106161833e+00
3.709900196277485573e+00
3.481655462193831152e+00
3.202250509272113188e+00
2.593798194168747795e+00
1.431326093489747642e+01
8.815223550250685491e+00
8.745910883640473088e+00
1.616048924287097233e+00
1.410318047593854152e+00
1.483441572943911879e+01
1.980067085692707174e+00
9.185915024709094823e+00
5.858145426830575708e+00
1.065490916934096965e+01
3.069577899087193806e+00
1.325289802887956725e+01
1.033884790785640639e+01
4.104109579144807007e+00
3.383023094029343536e+00
2.063095364901662787e+00
5.510472822157636230e+00
2.565236315455603489e+00
1.427183572669962874e+00
5.473998445193836382e+00
3.145731070700533394e+01
1.713539412789480565e+01
1.527690955896144231e+00
2.588582662931930845e+00
1.131943742675712850e+00
2.335633750792397656e+00
3.424865353901630716e+00
3.842484313664956463e+00
1.902536823225058571e+00
1.974182416416033092e+00
2.011704495166847462e+00
3.133666455959231989e+00
3.256182575615142127e+01
1.852268316758479472e+00
1.964898514114809203e+00
3.750649012809836425e+00
1.237214168518970148e+01
7.773414858165232033e+00
1.263665520144114485e+00
1.281836405054947781e+00
2.859844883111540614e+00
1.329811499813382536e+00
8.438090510717314530e+00
1.711551729030819979e+00
2.596409131106779178e+00
1.309501738697017803e+00
1.963961395266752286e+00
2.412993926973360015e+00
3.572735441752608043e+00
2.669878213694247826e+00
4.697850625384972112e+00
2.821594357251970830e+00
3.272242994799643867e+00
2.377374152430286713e+00
1.711481736395963349e+00
2.488056388245889483e+00
3.811975800186758523e+00
6.055253510636116943e+00
1.779307533870339908e+00
2.784814395512098528e+00
3.852429844622802690e+00
2.149996499605894584e+01
1.696147848954982384e+00
1.876296382822124187e+00
8.539989822062219460e+00
4.313709996542550940e+00
1.468678323598886948e+00
4.589707549744874271e+00
1.860473625805260545e+00
6.187141871780561964e+00
3.890655330167366976e+00
2.754967910306111101e+00
1.223598993940070212e+00
1.509209329477554373e+00
3.457535429721139142e+00
1.206367606432237061e+01
1.285402303696423276e+00
2.660674637248419572e+00
2.368470630528038079e+00
1.538646110544665158e+00
1.526338680191137165e+00
1.460602260578853562e+00
3.610993291389433146e+00
7.737709590818633743e+00
7.058546023998786723e+00
2.657958187832500485e+00
2.229936469330152438e+00
6.882254200597743399e+00
6.480824241513176709e+00
1.805261950834984086e+00
1.626985249432373593e+01
1.171816442572524153e+00
1.565370447418596545e+00
1.502216212818852537e+00
3.466687763058333260e+00
1.710190533374903010e+00
4.492017730110744900e+00
3.956233579385938004e+00
7.244295079896002854e+00
2.941900940804153208e+00
2.383801554972484471e+00
1.136944808816739894e+01
4.898090903556054698e+00
3.976426674323045862e+00
1.810363670681965464e+00
2.283435506089041223e+00
7.216384536393341875e+00
7.723731756529224057e+00
3.305120490890107732e+00
5.377857165103209880e+00
3.184762492640876186e+00
2.890524398994630761e+00
2.187036595117329618e+00
1.708798469648747709e+00
2.901538857576859698e+00
1.508902171064147035e+00
2.240234241460822950e+00
2.472151556457916843e+00
8.125563686374039918e+00
3.403280978720236494e+00
1.246667289427024095e+00
1.275669841504878388e+00
