3.143108914687720468e+00
2.048071132459022614e+00
1.905748736680904942e+00
4.570317859933520133e+00
2.546083988286856226e+00
1.581543194779169603e+00
1.706345327336693973e+00
1.427136066932884084e+00
1.934605837908030646e+00
2.603584011694113354e+00
3.780484880563425243e+00
1.766765751536377049e+00
1.028930323815160364e+00
3.964309665761659662e+00
3.076214447804101138e+00
1.729475942167135960e+00
1.500747319313585404e+00
3.083340537915224999e+00
2.598899250730779542e+00
1.158372511858590137e+00
5.556762311734479098e+00
1.642766915507576586e+00
1.895786219879479617e+01
1.240528383817913394e+01
1.404756197651069405e+00
1.586140225255481040e+00
1.847644354279250667e+00
1.679276007254093539e+00
1.111560260642035169e+00
3.831475073132776465e+00
1.531278289777935120e+00
1.037220922818349322e+00
2.552690726340146821e+00
1.937890119957685675e+00
3.622509663955491899e+00
1.536760325028692975e+00
3.768325381042790134e+00
1.603257137726977755e+00
2.555383491535431428e+00
4.742340054117054393e+00
1.431519273288984984e+00
2.138653119987993989e+01
5.201130857806460561e+00
5.013584622631372945e+00
2.269542871069437417e+00
1.871208930936271386e+01
2.855388793532798175e+00
3.767891803660316619e+00
4.315677742142290718e+00
7.285912396611253783e+00
1.136045904829429576e+00
1.936432135380610875e+00
1.121188044525447580e+01
1.089949921872458738e+01
1.964748144851819145e+00
1.318723370002641726e+00
5.014021336194238287e+00
2.065396938064317567e+00
3.127656992001145220e+00
2.896284318546063385e+00
7.005371760802399095e+00
3.977913585191930057e+00
2.863806987676576377e+00
1.148764680999269316e+00
1.636146659546201754e+00
1.289812792257482066e+01
2.665610754784352832e+00
1.327788741235105485e+00
1.912691929166541405e+00
4.581400961786079584e+00
2.218733226641760314e+00
4.962391183773710246e+00
4.370878565013521566e+00
3.557824203319390310e+00
4.014791398776814901e+01
2.788323160047013527e+00
1.677072513053451841e+00
2.945002782240517814e+00
1.442095336458896648e+00
3.096911032345461834e+00
2.384179135675408734e+00
3.264889078398393707e+00
2.943185927456897666e+00
1.583981616561001182e+01
1.482031524811167600e+01
2.869656534785275159e+00
1.675330889203317852e+01
1.167159947441995804e+00
1.358822596486267242e+00
2.189384159787044926e+00
5.221201487377761019e+00
2.554983075525046221e+00
9.478824161148736493e+00
2.531735224878103097e+00
1.825736424438219485e+00
8.043967455325145011e+01
2.878745085606088328e+00
1.708941670493524967e+00
5.967562135070066276e+00
2.464384224534557077e+00
1.796780379156575513e+00
9.725382158737057026e+00
3.430942154927832277e+00
1.806502230788970875e+00
6.073979681929448482e+00
2.100851581178868166e+00
2.869991236498441012e+00
2.061079723331211611e+01
4.302558448907640276e+00
1.903151544255792471e+00
1.374872696818964624e+00
4.354791437862449932e+00
6.212447003177922866e+00
2.044136729275261466e+00
4.098144402726216384e+00
2.367346372525606313e+00
1.669177778664600931e+00
1.890509413881931611e+00
1.566259595396918058e+00
1.523126467673039386e+00
2.347537846054556177e+00
8.465833227811060624e+00
1.131744218289454595e+00
6.651649888308558189e+00
2.022766468698212527e+00
1.662390175478895005e+00
2.332710965705897976e+00
3.029018932247436791e+00
5.437130331887519041e+00
1.974296641474604153e+00
5.768031797013458473e+00
2.317624128268023220e+00
2.541314576280762072e+00
1.724911253385763121e+00
1.128887365017377631e+00
2.730116687620144589e+00
6.687718545705952700e+00
1.892867263505548792e+00
8.944743432692241925e+00
2.065256147263033970e+00
5.197422547242511293e+00
1.058124221709765722e+00
1.417737475149640991e+00
1.898332118583307526e+00
1.920798357575314474e+00
2.808084388785009988e+00
1.395201227644528919e+00
2.093490530682184936e+00
3.836371053420724930e+00
2.045107462122052855e+00
5.234808775217890009e+00
2.434737331795203907e+00
1.271558817465950231e+00
1.428092595132130072e+01
1.219308607667082933e+00
1.168663978670038794e+01
3.682774463408319043e+00
1.759425862405884056e+00
4.919568028549334393e+00
2.182493308135871501e+01
2.403658514515995215e+00
3.794073065639296694e+00
2.016828298329019109e+00
3.408165252389099731e+00
1.998440856205709215e+00
1.564466667741254646e+00
1.461078358324852822e+01
7.066867321191150353e+00
9.282088026115866697e+00
2.127820366074461678e+00
3.607901842739121623e+00
2.410586198221203347e+00
2.545775611071733557e+00
3.138962929720579886e+00
5.414502088209880881e+00
6.512352089419889190e+00
2.585645262315189985e+00
9.731191401294378096e+00
1.992469413474329709e+00
1.253107268485218029e+00
1.084279783066216751e+00
3.918239908509745906e+00
3.190159935594190088e+00
1.181485256590756094e+00
1.649536859082444806e+01
3.437185548380009337e+00
4.808421224660471616e+00
4.121962771701349837e+00
1.201980260403154421e+00
4.932791957638389846e+00
4.357684336575910145e+00
2.426463865373207796e+00
1.735594025822695619e+00
1.737654455929448449e+00
1.520805576306825335e+00
3.629460109658652733e+00
1.264971983095772634e+00
1.030773150925563986e+00
7.905993276604197817e+00
1.187117232443882342e+00
5.439590245123945955e+00
1.917230474179874911e+00
9.695302116365693834e+00
1.746227534678626236e+00
2.181820756424177166e+00
4.471702767296116043e+00
4.847344145208024813e+00
3.145490636571858900e+00
5.524490367539041991e+00
1.302872515361911843e+00
2.505608902351977640e+00
4.638898184309962147e+00
8.274962815554324891e+00
3.325894098203538540e+00
7.413339750813733531e+00
1.884011729734372143e+00
6.837970725800059490e+00
1.168674107013988994e+01
1.318146369088081249e+00
1.233901013134431457e+00
1.192425484869475749e+00
7.036315196450166454e+00
3.498076571513618838e+00
3.638106920991532434e+00
2.928871261020182803e+00
5.331643830262827066e+00
2.311447336975373190e+00
3.994957385970052233e+00
1.595800651479851284e+00
4.354857106746824691e+00
5.648145533405598329e+00
7.455291425023280460e+00
3.211687560685101417e+00
1.030065169750758125e+00
3.050831683235566416e+00
6.690882729952493335e+00
7.799643319770336980e+00
1.094218627004317934e+00
8.263679976690626816e+00
1.194150543622964245e+00
4.514815457639272722e+00
1.331176656710986705e+01
2.421698850687034277e+00
4.029724242975860626e+00
1.869924956742176070e+00
1.114609703379150440e+00
1.492790326282803282e+00
2.816539176687304469e+00
1.953793634944204438e+00
1.673654766783341463e+00
3.536864560840380367e+00
1.853073970834173911e+00
1.468264988281225092e+00
4.226847226741377028e+00
1.782356741504604880e+00
3.331545853527856149e+00
1.167464619410564897e+00
1.609972966703207664e+00
6.238173253626177583e+00
2.173863159930490951e+00
2.927254413447703651e+00
5.236613069441940382e+00
1.287201951783504050e+00
1.852587876164244474e+00
1.579681026544691891e+00
5.896136843045806764e+00
2.673220070306704166e+00
9.844075815621103231e+00
2.065755745109874475e+00
1.108503158451691784e+00
1.089902729306038154e+01
2.248394004309560046e+00
3.772489293450496550e+00
4.078746358788960080e+00
1.914375144201076129e+00
1.045416735110048512e+00
3.525232325145812418e+00
4.315086465588435338e+00
1.214609851060714263e+01
2.219849921445373298e+00
2.047692015098853791e+00
1.970733499766652796e+00
7.846946349243834717e+00
3.474898903711862275e+00
4.733765440566891414e+00
2.876455652274400254e+00
5.575570592505610712e+00
2.065556020213911825e+00
7.837000533132624902e+00
1.417358511903576979e+00
4.749075440703967033e+00
2.648384028202012797e+00
1.500991125072613785e+00
9.281191075200426965e+00
1.596309481353702875e+00
2.944010608801028717e+00
9.680560835459647961e+00
2.065296524111636778e+00
1.501874077315067835e+00
1.565059278648567620e+01
1.621305268720818038e+00
1.846258209818272933e+00
1.339225711622706649e+00
3.767540034013799222e+00
1.731626874556859264e+00
3.375818539157988241e+00
5.631339594928648218e+00
2.118991486047421269e+00
1.757038195369091671e+00
1.297176272954059906e+00
2.336651376147949044e+00
2.576671082179677441e+00
1.261196975677952636e+00
1.634666655306828886e+01
1.302344237706585917e+00
1.252725599683878199e+00
4.119843694628522179e+00
1.380969948916685475e+01
2.288247317485126775e+00
2.911192586787528569e+00
2.390140511885623820e+00
2.799130492391968428e+00
5.411973601901377329e+00
1.302772728043122274e+00
1.679616424689134746e+01
7.871288732737893312e+00
4.096728496806353093e+00
3.021834677484489085e+00
2.902743179868285672e+00
4.106602637380708742e+00
5.228983481461467520e+00
3.475884939006785856e+00
1.236511623836494600e+01
1.357170159035055335e+00
3.616424316230438141e+00
1.657525787779258852e+00
2.508519383113391399e+00
2.624043870772907017e+00
1.262157687335140110e+00
2.177150008121005786e+00
1.284973383260401336e+00
6.719459947359750274e+00
2.898637637437010195e+00
5.331977799256841344e+00
1.161737071593010651e+00
2.989076481370353200e+00
1.192420253060848756e+00
1.483370390029251418e+00
2.438961398920017842e+00
2.814603138053252795e+00
4.269771175066436442e+00
1.798662671723541218e+00
5.681148632779205343e+00
3.110248313182156554e+00
3.950208780803408981e+00
1.075856617621704592e+00
1.877712348397122977e+00
3.119970891375356548e+00
2.873712754525060475e+00
1.377029986602797296e+00
8.483157657928979134e+00
1.355784815414973421e+00
5.257019706749666454e+00
1.640327929181181643e+00
2.278411458647492172e+00
2.176497031537671045e+00
2.167399745593177940e+00
1.640973411934798065e+00
7.396519615086651456e+00
3.818663171239242260e+00
4.289401389276237708e+00
1.424516552532563374e+00
5.368150931985906205e+00
2.336163532065162585e+01
2.453683819912469311e+00
2.287180910381540588e+00
1.541540946199339457e+00
2.544868941761471604e+00
3.472935844952157236e+00
3.240624542227898086e+00
2.012240646586074710e+00
4.684666452874655107e+00
1.243830465941552221e+00
1.566968793331043663e+00
1.481289294925734579e+00
2.325315501840384158e+00
1.635455929933079311e+00
1.766690208407247109e+00
4.588498423445718011e+00
2.638934544641499791e+00
1.794789981940582591e+00
3.937291988556877786e+00
2.598194666170461353e+00
2.350581254370806672e+00
1.392484030685904095e+00
2.772919484013173008e+00
1.161087971545040354e+01
7.877636853527730132e+00
4.963727141625550843e+00
4.023480820083031873e+00
1.621303399859521432e+00
4.949719710149539154e+00
1.028982282678510662e+00
1.181661946813783226e+00
4.207649408625828258e+00
3.713975780516754810e+00
1.441951430697699932e+00
3.770566397817013193e+00
1.152019310400378194e+00
1.584335580762444629e+00
9.029187290371753605e+00
1.275973636816948309e+00
1.584876807490357642e+00
1.779307533870339908e+00
1.817311818547639346e+00
6.007710105900680553e+00
1.903358560737142158e+00
1.402988714742405207e+01
1.616401014782960388e+00
9.337573161423026846e+00
2.445580896643572366e+00
1.255982195992294326e+00
1.275270969022087364e+00
7.407752322787216848e+00
6.350430077895175884e+00
2.910541369721855620e+00
1.232345450716421453e+01
1.328228630819303424e+00
1.204131912032513974e+01
2.346992239360422783e+00
1.542679166252564293e+00
1.836523498989181213e+00
1.817773738782327397e+00
1.326997427909668126e+00
8.104084288314972184e+00
3.567358808265093728e+01
3.929773525397333600e+00
5.514078768611056169e+00
1.335005090052883148e+00
1.262640610225815641e+00
3.809882820245888535e+00
1.591497103885054054e+00
2.486896610671071706e+00
3.447824648634968980e+01
4.617772109844457518e+00
2.415490417018101965e+01
1.495126935828276160e+00
1.150937735161459408e+01
3.019644559619873103e+00
1.998644511165544424e+00
3.957456870821276063e+00
1.178524968129637607e+01
2.993425173846611553e+00
3.149081489167427250e+00
2.343584543127286590e+00
3.116216983232157567e+00
1.023630447805202515e+00
1.074787002391761837e+00
6.778138079758189605e+00
1.174744271164478659e+00
1.932135842597433983e+00
4.581842717901245976e+00
1.467391817020157418e+00
2.493127776453441857e+00
1.858099677546727335e+01
1.827196866203056880e+00
2.902711841158625461e+00
4.649470342207315809e+00
3.620817037301457209e+00
7.736684507411124123e+00
3.780231773126462080e+00
1.249631286634846239e+00
1.018743691458242395e+00
3.974579175909374484e+00
2.274292894004111609e+00
1.759885945245178940e+00
6.302360690235223828e+00
2.644975938144262795e+00
1.780221823686433424e+01
4.230908481723673731e+01
2.214179707238975947e+00
1.335345393200891806e+01
2.934913163834555583e+00
3.602933046803338701e+00
7.871522824625796666e+00
1.672475082464636609e+00
1.924629826267749477e+00
2.596365396220436494e+00
1.113761006162387268e+00
7.183133836621203194e+00
4.011952895787885609e+00
1.488066468019270783e+00
1.187019907788828155e+00
6.713608989477610756e+00
2.100415035457378288e+00
4.950187598984465254e+00
2.928952826838077783e+00
1.110368113055321349e+00
1.498572880835152610e+01
2.925929387537955950e+00
3.704048031315744449e+00
2.171390724662888516e+00
3.939830041382780923e+00
1.890943658338353206e+00
1.605647488373285414e+00
2.793291182418773388e+00
2.199584792565567160e+00
1.151791755695845243e+00
1.036684926007787944e+01
1.440000712307908159e+01
2.558727868565410013e+00
2.137275974251652055e+00
5.659225054544367417e+00
3.120174104506567847e+00
2.203427744143627187e+00
1.355158186531206344e+00
2.402133463459863005e+00
2.273843096109841255e+00
1.214644824367708820e+00
1.309784931876643244e+00
1.262334425872831067e+00
1.656855885141772067e+00
1.395833998248984242e+00
1.799611561842463958e+00
4.078128947708115959e+00
1.279639285979843777e+00
2.101580111134034201e+00
2.635125034490640505e+00
2.844732946466526524e+00
3.154446954570173656e+00
1.145186241658029624e+00
3.556176418789181337e+00
4.727722723453013920e+00
4.228283490830610170e+00
1.374187841359400641e+00
1.480703038503722979e+01
3.976121138453641901e+00
1.449937291820895036e+00
2.086036441852217482e+00
1.030050335191141642e+01
1.981509593178055528e+00
2.184324467565919914e+00
2.498895106869509775e+00
1.677701687201809122e+00
1.122643921298060565e+00
1.517085438072826475e+00
8.368173233484133888e+00
1.277933004085415991e+00
2.009470037743514936e+01
1.277766217476606014e+00
2.367867561513477437e+00
1.836901121767551714e+00
3.034073908636115480e+00
1.596975607979535416e+00
1.201195929578675603e+00
7.736032845834337479e+00
2.297493448097500668e+00
1.487807542175368702e+00
1.598422729405496456e+00
2.628376422182373773e+00
1.221687889392788495e+00
6.250343317874295757e+00
1.508668694953014588e+00
5.068307327612958879e+00
3.315677986396975641e+00
1.343354262376515562e+00
2.427274947160340979e+00
2.993232974736652174e+00
3.940435085981262464e+00
2.170570313555629571e+00
1.277548928150702201e+00
1.445065959412026757e+00
2.769108275445798739e+00
4.361085996308167623e+00
5.387199322098354948e+00
1.877473655752263326e+00
1.310803989991581764e+00
7.014612292168216356e+00
6.532700663939903230e+00
5.972839263971950530e+00
1.149411387766801074e+00
1.605354034149589548e+00
1.215133445260157208e+00
1.947017420960975631e+00
4.565838095075862135e+00
1.568829679747130168e+00
2.081749097875017274e+00
2.927705786478572492e+00
1.740657699726954499e+00
2.475963444796919877e+00
3.280852460312011498e+00
2.621030266288162736e+01
9.656139251111405031e+00
2.501066068589944624e+00
5.188623323780441332e+00
1.077975398384689854e+01
3.995621547661277528e+00
1.969957360644095656e+00
4.130290253364806929e+00
1.392792347421456256e+01
2.807099454074979850e+00
2.659963236017904187e+00
1.649002871184035657e+00
2.251474230416576017e+00
2.576906659105174580e+00
2.207148463540318239e+00
8.616438756417798217e+00
4.324955971560119572e+00
4.084764659052896540e+00
1.506715622074908056e+00
1.840190387144014394e+00
1.010124542863198194e+01
1.961513612425791031e+00
1.101115870390682927e+00
3.027187363429961309e+00
3.558558434331120957e+00
3.498508025916183595e+00
8.373461685740034355e+00
1.322177027640575764e+00
1.962960076085044303e+00
1.918231614962966125e+00
1.931627757482764052e+00
3.083217693036913509e+00
3.246374209953848844e+00
3.948309412520954798e+00
1.585550366007927536e+00
1.711481736395963349e+00
2.464064188611085893e+00
2.222942905038981287e+00
4.972830639190039648e+00
3.298445460161147480e+00
1.650297605247728283e+00
1.687970755220769803e+01
2.400385647657381494e+00
1.862297043605082303e+00
1.833320171420639522e+00
1.461996911808030486e+00
1.781385248323830339e+01
4.041175989354707454e+00
8.908276644228767083e+00
1.567388974347916353e+00
5.142666651993109461e+00
1.082438442516060695e+00
2.942230106837960157e+00
4.946680042179626646e+00
1.936230801680357771e+00
2.445531475939120014e+00
1.653992359487249653e+00
3.311363884328757390e+00
1.507752399271187649e+00
3.777055540387671329e+00
2.946164535078281244e+00
3.279446859772412015e+00
1.482329822276121423e+00
7.290189818480709683e+00
2.032267166911651213e+00
1.004204753120403382e+01
2.919212464294876685e+00
2.773245616536118785e+00
4.278870803424798197e+00
4.058321233277153084e+01
2.819112313591450203e+00
1.128083681598529964e+01
3.244504667630410122e+00
2.754051764501357358e+00
2.067812596564382766e+00
1.865229498971973099e+00
3.633423975648683690e+00
1.157969053287101202e+00
3.733708496466407567e+00
1.243726746204887768e+00
1.093538239680058588e+00
1.805446602811258128e+00
1.450820543376285965e+00
1.375070813199284592e+00
9.993934658470820409e+00
4.340820420049118056e+00
2.539480343098567960e+00
2.002163557410943984e+00
5.092626276581974309e+00
1.996676956831327399e+00
1.069868845053742801e+00
1.213962754780889552e+00
4.761772837029440986e+00
1.231723505085252190e+00
1.607522546206081815e+00
4.859297388988155220e+00
5.769304719694281935e+00
1.015631506917632088e+01
3.291029192200559006e+00
5.908102033953197996e+00
2.179961849653704320e+01
7.466040148107199848e+00
3.209164785673219722e+00
1.477093854808655182e+00
1.851223430263305492e+00
1.944483141507371116e+00
1.571536682306474120e+01
1.814975313414954439e+00
6.761835306776616150e+00
2.811573643910304732e+00
1.230372454638757418e+01
3.573849572949296505e+00
2.022064104996964318e+00
3.580177548180747404e+00
3.246849842260052910e+00
7.793907109172865333e+00
1.157728626121177440e+00
3.142282006193351851e+00
2.922659733330605025e+00
1.932132775307586980e+00
1.234385539094836837e+00
2.148472113614066537e+00
2.158331396973948380e+00
9.372267487333934000e+00
2.683717346024247163e+00
5.951169010004136339e+00
5.290768825991142954e+00
1.860991663889902270e+01
3.786227532577559174e+00
3.360770217049479758e+00
3.454310347385532332e+00
1.422824353883447523e+00
1.850679674642953643e+01
4.948529294752057162e+00
1.615723708596243258e+00
7.539006016809431721e+00
3.025702460766194868e+00
1.065983610422157613e+00
3.564809082388633144e+00
1.661401791157542274e+00
3.539204043490714380e+00
5.041955757553720829e+00
1.565181670958344817e+01
2.669298628531478457e+01
2.494598442887926204e+00
6.891379739225556911e+00
1.344667077535048438e+00
1.927875984027637157e+00
5.908782734939994619e+00
1.103438594591254374e+00
5.232489138217967906e+00
5.207528453556999892e+00
1.057619829419480295e+00
1.544086366387921183e+00
1.484914549724934085e+00
1.034998987858707808e+00
1.703698538140613650e+01
2.299514127459795887e+00
1.956631059861178024e+00
1.416425632560689429e+00
3.422692431383483669e+00
5.107331650713163640e+00
6.962128479922146340e+00
3.529632687862292340e+00
6.339340518930684176e+00
1.586518801399489531e+00
3.708499207529628805e+00
1.833611362617597251e+01
2.827944283438553530e+00
1.582447153337104284e+00
1.028153615073893024e+00
3.391420659520316239e+00
2.344454483058695082e+00
1.905688707500633905e+00
1.330694521272714148e+00
1.500735819755344869e+00
2.095046220185775354e+00
4.106959945562771885e+00
9.589449376702734895e+00
1.089352518874307663e+01
2.115806682229370850e+00
3.102032817808847653e+00
8.326267091116566377e+00
2.344615417056925555e+00
1.606124997985345360e+01
2.104964286501670223e+00
2.917451637299527611e+00
3.210386728505092879e+00
3.195406036620757284e+00
2.864348904810664731e+00
9.993705004913154610e+00
1.818904045057766927e+00
1.840387987790904400e+00
6.935308452352099806e+00
3.968222203481282850e+00
2.855739958118062027e+00
1.528219226449476054e+00
2.430822822758385016e+00
1.654376612790786405e+00
1.035581158688717585e+00
2.330301782995756632e+00
4.902456937492520872e+00
1.223022318453272250e+00
1.163125959620982108e+01
1.865540177668683963e+00
1.032542246711716682e+00
8.897544259790350907e+00
2.770379819273111277e+00
3.489197094566907964e+00
1.182359388444270909e+00
3.930348483690310424e+00
1.155523479216866356e+01
2.900270036846419153e+00
2.176328390987918304e+00
6.637159064676318998e+00
6.027766813687716940e+00
7.099975272652520708e+00
2.092109240236476264e+00
2.713737359932617998e+00
1.700131884400337690e+00
4.058870281685940995e+00
1.363884321963720891e+00
1.279727172366689425e+00
4.107194974435768309e+00
7.920988183625927270e+00
1.054803175491320966e+00
1.896490064339034776e+00
4.446628803591708312e+00
2.396611625250009592e+00
1.404911197664478362e+00
1.484486640644976152e+00
2.113728727737465896e+00
2.061557846259233440e+00
4.846318991395373033e+00
2.139169188182238113e+00
1.024563452908348937e+00
1.332501883286085542e+00
2.877023702629308399e+00
5.069665469797515200e+00
7.631418009174509187e+00
2.754343623193306723e+00
2.364762988511754926e+00
1.626664269516417738e+00
1.357895834685648495e+01
2.944079591165387644e+00
1.689762633216242316e+00
1.428630736577735094e+00
4.498857624612316641e+00
2.441168331848996065e+00
1.287649435523771402e+01
5.922919955667721226e+00
2.825914386315108384e+00
3.157250488156926327e+00
4.034783332323420346e+00
1.700931921353853626e+00
2.596382633079832747e+00
5.490664377426201170e+00
1.048145490761790377e+01
1.423419898607557688e+00
4.635046251269122308e+01
1.319614163235019122e+00
2.279021393436207799e+00
2.217732746108044051e+00
1.091021537326262347e+01
1.033053746439473564e+01
1.167155721055448403e+00
6.918091840771511158e+01
2.679235504401086043e+00
9.139442066091948647e+00
1.041619211727445871e+00
9.600366822867506755e+00
1.934064711012800863e+00
2.799691356675855669e+00
1.711250288187683877e+00
6.188762329360179670e+00
1.752665362066423649e+00
2.848095103097768366e+00
2.387078735228238102e+00
2.295159746299709091e+00
2.230109790337955644e+00
6.060235948264989680e+00
1.691724710948775856e+00
4.693894395082290671e+00
3.412747077167151311e+00
1.865059102927040247e+00
4.317834484809485396e+00
1.275669841504878388e+00
5.057662301874623623e+00
4.242976193212411928e+00
2.544377415097611728e+00
2.486724765537171145e+00
4.042565190186531154e+00
3.006500179868051958e+00
1.446657507786748065e+00
1.127071807500130918e+00
3.411870629713407155e+00
1.313037354717044414e+00
1.028642642184604661e+00
2.285797777196118208e+00
1.917032000264435254e+01
6.245179488679899471e+00
1.968030266599695821e+01
1.633386281134065809e+00
1.601045703899559580e+00
2.756255003143231797e+00
1.350847307278646703e+01
4.245405299228758089e+00
1.157792241664772570e+00
3.567937906595222142e+00
5.066386096570369979e+00
6.112327594228461614e+00
9.275238555810043195e+00
1.439715131217381039e+00
1.215303746155275588e+00
2.090378244274131880e+00
2.069041574367479708e+00
1.798127165941034500e+00
2.417048472454515373e+00
1.361107558437407938e+00
2.787483964307317930e+00
1.331681348971875956e+00
3.605107066585102160e+00
4.156783182735034110e+00
1.194471885688674684e+00
2.860299050119919251e+00
3.627911789664028497e+00
3.299873713290886190e+00
6.934723962455270119e+00
3.835183946161637714e+00
1.637340000860261657e+00
3.195482980513135285e+00
2.396933034752970926e+00
9.896501653325477932e+00
6.386717919182792969e+00
1.334875291025645394e+00
5.183938632990011008e+00
6.286062001305559477e+00
1.982286851205807832e+00
1.634435186405669427e+00
1.096781504116131734e+00
1.288984695050607643e+00
1.576871384123843756e+00
1.496697281153503312e+00
2.393045889462580345e+00
3.360110158321222507e+00
1.691073949318106617e+00
2.049700509762278244e+01
1.198138717110121432e+00
7.390972564908487641e+00
5.322342651186101392e+00
1.080110425067150270e+00
1.492692086256504069e+00
1.479378627614045927e+00
1.347836474679485974e+00
2.381140350324611532e+01
1.911514405983366860e+00
1.374179808864820718e+00
3.552733204172106252e+00
1.392208040937665592e+00
3.009962894398123812e+00
2.083543518757303037e+00
1.243924589643510048e+00
4.336287930488781583e+00
1.873787381472509450e+00
1.848433338577053719e+00
2.552949305674401703e+00
1.761659541653685102e+00
2.091161815788526113e+00
4.399553409515927882e+00
4.666000113874362754e+00
6.686863439004969045e+00
1.616379829040424099e+00
1.786804552959635473e+01
1.527140525212816291e+00
2.018746498776473608e+00
1.654250631237161429e+00
2.546794220413424981e+01
1.300378671643636963e+00
2.501930252222009265e+00
1.513320660239348525e+00
1.737842640533256544e+00
1.924663610916870216e+00
2.010932493023731116e+00
4.609208980688798363e+00
2.727875668315427937e+00
2.391821796786059107e+00
8.701745778890586536e+00
4.118798958519427345e+00
1.264826974894507217e+01
1.410140530465372688e+00
2.658668624097421329e+00
2.748358344682662491e+00
3.073538142017654184e+00
1.189832356707387850e+00
5.465605033536388824e+00
4.021856451571315105e+00
4.109883480523094157e+00
6.042725922687676388e+00
1.185414866551865787e+00
1.750764517819721533e+00
1.607175702730326838e+00
1.478624069151055709e+00
3.673827505981864139e+00
1.228994603090876048e+00
1.984603189802293777e+00
1.317649958285880940e+00
4.128531273009703462e+00
3.918291295573460342e+00
2.341876843024376598e+00
4.197256937604020521e+00
2.978308687075061911e+00
1.063389421570704485e+00
2.731999859626470517e+00
1.246858805188939323e+00
8.273938459901343023e+00
4.760413699607921600e+00
2.030061411056509613e+00
2.561139725044883075e+00
8.358565250786956113e+00
7.405801923394349728e+00
9.742287472251772940e+00
2.136000049868150175e+00
1.190137052533492046e+01
2.281109718798339348e+00
2.255628832930190342e+00
1.573087247126540911e+00
8.229444909997345903e+00
3.231893412126568776e+00
4.728798696481709030e+00
3.509345011794704039e+00
1.068497451442810586e+01
3.160084580494275208e+00
3.767978517944222894e+00
4.479814422609034352e+01
1.367049292703476748e+00
4.522896862160826537e+00
2.797751363697043026e+00
4.024313033733279532e+00
6.845025703234750125e+00
9.846822054068239183e+00
2.216116709335627544e+00
1.467869442491259724e+00
1.078475218239669520e+00
8.230822115756094348e+00
3.788119507715754786e+00
3.429298842553690996e+00
6.280174740729759897e+00
1.309073595018154901e+00
3.498899387996172283e+00
5.823542399525122093e+00
4.121648803648269244e+00
1.932772160011442475e+00
2.805766990973025621e+00
4.202890588341860223e+01
1.757509785401305535e+00
2.381919821245821911e+00
1.794587117058635828e+00
8.691303962839448616e+00
1.750162327415100805e+00
1.586006254960991901e+00
2.671722113567250201e+00
3.479174109979557450e+00
2.481364090150492530e+00
4.728101470133053930e+00
1.170166803366015085e+00
1.063333320910129487e+01
5.596632531946878153e+00
1.401241616579768756e+00
4.473670546906066470e+00
4.618547760013337999e+00
5.737594993715172897e+00
4.052255060482828242e+00
5.703050685736919867e+00
1.828140852889254875e+00
7.980386040351792332e+00
2.681660204768820055e+00
3.285277929335697955e+00
1.850690909714338472e+00
6.335131367498610722e+00
8.240191739987924535e+00
4.110130407946805065e+00
3.336858444620908415e+00
1.167420488957005453e+00
5.699297733191767357e+00
3.207922086448657506e+00
1.866741696724560473e+00
1.837649878428300099e+01
1.953529167364211894e+00
3.341295223647922974e+00
2.994323889318657894e+00
2.088750794227413721e+00
6.307927898926489974e+00
4.374304931104489036e+00
2.260507369878525186e+00
1.134233723140265937e+01
1.498146414157405237e+00
3.203639883387652265e+00
2.167477171097933475e+00
1.982820632758150792e+00
2.606479368459678536e+00
2.322335820426335573e+00
2.014082564202337444e+00
3.078715462766320687e+00
2.009247964594534697e+00
2.754991071856950580e+00
2.563250584942593058e+00
1.476607181822137793e+00
1.176781626177117124e+00
2.407956922727277238e+00
2.448013245015740580e+00
1.526146927006408305e+00
1.763734357423672350e+00
7.845138893239352207e+00
9.013120146801037791e+00
2.153633462187449155e+01
1.484860413316751560e+00
4.833784992597093044e+00
2.706629406510268065e+00
4.691480365365401362e+00
8.949000477771607009e+00
1.657943681273042813e+00
6.511352556123814139e+00
1.574726913132262762e+00
2.849676751694247390e+00
1.626585003998044510e+00
2.354713183861428138e+00
4.620767906348985932e+00
2.621153963088821204e+00
1.879995557753463942e+00
5.258729796495601683e+00
1.542518952740086657e+00
9.764326532610594356e+00
3.879692200066114705e+00
3.106366570106088520e+00
4.506563522171910030e+00
1.557348525666041983e+00
2.574745494773594157e+00
2.420185275624660015e+00
1.630407651330540331e+00
1.829713576299559774e+00
3.813083196167467381e+00
3.509472723355262946e+00
2.031817083408184565e+00
1.859056003024308623e+00
1.534506678456384998e+00
1.735478962996154806e+01
3.817459201276733438e+00
1.049752136188617291e+00
2.341412580288483536e+00
5.814033411671830187e+00
4.020830883812426926e+00
2.000841772666070106e+00
4.495418035265700496e+00
4.420702512340803025e+00
1.747120014816610611e+00
3.897925382855468524e+00
2.444808245863850260e+00
8.072341868494566697e+00
1.631163151833298031e+01
2.221594554942044386e+00
1.944612417255300985e+00
1.670135053345290777e+00
3.142440301027104699e+00
2.645257276316991923e+00
3.024535711058640164e+00
7.683238648536288906e+00
2.751199754060582592e+00
4.427467066355300851e+00
1.091007364719434269e+00
1.548707369708521409e+00
7.290988604358487279e+00
1.096254694982822997e+01
2.791183699969675303e+00
2.023930459438961105e+00
6.239789403408857460e+00
2.634739530924644413e+00
1.297318810101243614e+00
2.040441292419821639e+00
1.888441327692046912e+01
2.107675227581197852e+00
1.228454851948092674e+01
5.120586087353075300e+00
2.760769730012222922e+00
2.196638229784624308e+00
4.221411035001256806e+00
1.767184757040291210e+00
7.505004946509423291e+00
1.926299318772153546e+00
1.590757204863061158e+00
1.292421301984339443e+01
1.955081995631517078e+00
4.268392887872521690e+00
4.453429352206657477e+00
1.421172421066957181e+00
1.906025460209113342e+00
1.920930687444055707e+00
1.319663943991406185e+00
5.026012051136344638e+00
4.552880959278289730e+00
3.793103681556800222e+00
6.147423781188361858e+00
2.555107474126852463e+00
1.754446422824712304e+00
5.832154287277496074e+00
5.022550382933208546e+00
6.543992843504239154e+00
2.626012633600471879e+00
2.541917234344629239e+00
1.771815120696624035e+01
1.148078264027984519e+00
1.434227991011797876e+00
2.281896042270507241e+00
1.251148108590518948e+00
4.938870856033374501e+00
1.282889633728572454e+00
5.280879050557620857e+00
4.672382530515004184e+00
1.426511259247969177e+00
2.502425556233613513e+00
2.298563236462716652e+00
3.835524859509223283e+00
3.614662680661584027e+00
5.523604123508738084e+00
4.578689763257147938e+00
1.476751571101710070e+00
1.611163685337459794e+00
4.690879193570648198e+00
2.744957246475597579e+00
2.301851874944818910e+00
1.257253093439250291e+00
2.706955131941360726e+00
1.350533730814942990e+00
2.201425060891815555e+00
3.801404868505694701e+00
4.672628037627520214e+00
6.856855679472682930e+00
3.226496070285235440e+00
1.201229738442263617e+01
1.108497143165618537e+00
5.096458224364533329e+00
2.693227721011852260e+00
1.109746380175486768e+00
1.595715720609163224e+00
1.238329418461345588e+00
1.110682446620276487e+00
6.589885319151070675e+00
1.183526350471455935e+00
1.262643244052587876e+00
2.413450923878535548e+00
2.720625945494128395e+00
1.543151134098453392e+00
1.885396417081976361e+00
1.850899533500460103e+00
1.065775736438996812e+00
1.688075771811516690e+00
2.087632230122586474e+00
1.906633377866581380e+00
2.625625165038358411e+00
2.369851924707087942e+00
2.518809200503298484e+00
6.446678857552213593e+00
1.461817916055079714e+00
3.095681657287001620e+00
1.797586957917044614e+01
1.976303820405888256e+00
1.105211923257501949e+00
1.556908746543238076e+00
2.989499330173179370e+00
1.365180554439926919e+00
5.701931273244031928e+00
6.398013301716313883e+00
1.604368471352118020e+00
2.044947476807483344e+00
2.171656822528879616e+01
1.395323353157482016e+00
7.515692532843170071e+00
3.196277800965890314e+00
1.052218373837385812e+00
3.792379762940234933e+00
3.551084757357689359e+00
1.147609472070129044e+01
1.014863007978329179e+00
1.251274604255902867e+00
2.213077089072584158e+00
1.773777978124727817e+00
1.372751802627449225e+00
3.322930073464815948e+00
9.083184288789556859e+00
4.142065856395782397e+00
1.509504876644070626e+00
2.422774967333019891e+00
2.371714130875926863e+00
1.942752619106770240e+01
1.258067664991997292e+00
4.765258172739821774e+00
4.184859168906928772e+00
1.669196339218111280e+00
2.604354481708907709e+00
3.960674939487499824e+00
2.553157521888307713e+01
3.350970872930414846e+00
1.720002863893135059e+00
2.119789387286747928e+00
1.754321335256740610e+00
2.425957533354036411e+00
4.342289503234933790e+00
1.558589256968025305e+00
1.950497193261764961e+00
3.182264274597898535e+01
1.373302055544801226e+00
2.334392006826867316e+00
2.101468042175858031e+00
3.035324028880050040e+00
2.375810890870822867e+00
9.714126479369824096e+00
7.589123151700712278e+00
1.180651957684333730e+00
2.052995704062131388e+00
3.659686240684297154e+00
2.704980738276430152e+00
4.549770605422612135e+00
3.306749045986500768e+00
1.417898396734271982e+00
8.092321133004102052e+00
3.305120490890107732e+00
5.051475083636781882e+00
2.454670595914067999e+00
2.058760407586385011e+00
1.283108000670975635e+00
2.654558990092013904e+00
3.553408516244981108e+00
4.504068787105931726e+00
5.385181457829503415e+00
5.906126200016696970e+00
4.506385286453057581e+00
2.043080823505972976e+00
1.847309619731188457e+00
2.046517320973972431e+00
2.958602973872564323e+00
1.113865872445834126e+00
2.840270442279932972e+00
5.581762712818813199e+00
2.290116695676489567e+00
1.127225102858791850e+00
4.344319422395948038e+00
9.235241421908785497e+00
3.006179407963981198e+00
1.994884185515527486e+00
8.157525454861213277e+00
3.025218916695965543e+00
2.035488702658370563e+00
1.184847640325062734e+00
2.628496839391183393e+00
3.117340164687845583e+00
2.307897835418248889e+01
4.387938438804118491e+00
1.992701583046241121e+00
1.936339250728917216e+00
3.639916979878025316e+00
7.288117205928069886e+00
1.037734352213598754e+01
3.540116693225790367e+00
1.091273222068090076e+00
3.385200070169985587e+00
1.302030162460243012e+01
7.434103914920947354e+00
1.374036041280263909e+00
1.522271115161734079e+00
2.021790537381400465e+00
2.355296211477991619e+00
8.600264641015568756e+00
4.622861063863767939e+00
1.536357394745393901e+00
3.065544714884856248e+00
1.821278675870485841e+01
3.619085784973519626e+00
2.357807887409564263e+00
8.358274696221132061e+00
2.548126590626426768e+00
1.589910141609436112e+00
4.594278754346896143e+00
2.499120027126175980e+00
4.060143367615012266e+00
1.104664673825384025e+00
5.594447711774596321e+00
2.324652065309390281e+00
1.838708530438140532e+00
1.474053677078611235e+00
1.948230215397856124e+00
8.737359842816491806e+00
2.440416336351490134e+00
4.483610331630796253e+00
1.368867854218370983e+00
1.099629216033679668e+01
7.882630861653916909e+00
1.253097941873064558e+00
4.205391679986133724e+00
8.089602150395464264e+00
2.260231246973717134e+00
3.087855532171630113e+00
1.928622430607722205e+00
2.974703858991214478e+00
1.133206049729158726e+00
3.564775049269364615e+00
2.025210852375054049e+00
2.622945462752059420e+00
2.428551726763794161e+00
3.933908758672752359e+00
1.601885497881473164e+00
2.318251567077558306e+00
1.110745517103933366e+01
5.497841385720885654e+00
9.802339859848029135e+00
2.553829716800034788e+00
3.348708157365681171e+00
1.089979176924578752e+01
2.510106255965711242e+00
4.016992681030750134e+00
2.045362353926665211e+00
6.981886652440716823e+00
1.711609126225260180e+00
3.168663785502452868e+00
4.437084001557403568e+00
4.647315868814058781e+00
1.391514487687714574e+00
2.701069379680012261e+00
2.472333453250427837e+01
8.896980258703611355e+01
3.282982404352621675e+00
1.216023861416616336e+00
2.662490954515503550e+00
1.568096621282339065e+00
1.877224639384145632e+00
3.246383257902794917e+00
1.065943691979315711e+00
6.500978515915116773e+00
5.746860704396913988e+00
1.579454602327515111e+01
2.434970642690205356e+00
1.682067321204392396e+00
3.254989689178694690e+00
2.190499816079360951e+00
2.852726114348157260e+00
7.087854579981352821e+00
1.144208921284614044e+00
1.085396649050952567e+00
7.524063365994057229e+00
3.716571259319050746e+00
1.591138359730428942e+00
1.250052499697908326e+00
2.334946430074403523e+01
1.599667439971231842e+00
4.920370949241894998e+00
5.099357386386430768e+00
6.895518213411111041e+00
3.447956416370912436e+00
3.765798530182077553e+00
2.105661039479613361e+00
1.164282831502103299e+01
8.473494037825334502e+00
1.767556634742410093e+00
3.062814837504008292e+00
2.566876730989292366e+00
1.816164329958844803e+00
4.143381406765200836e+00
1.798172122006790330e+00
1.075141905686766819e+00
1.141061301503065950e+00
2.291062307790098895e+00
1.028695381194628000e+00
5.699737075264027730e+00
5.375085699773154424e+00
2.035765288600503098e+00
6.942703160444058774e+00
6.987771642752575119e+00
4.832608697303027334e+00
1.765548255440427594e+00
4.737018231776588983e+00
2.085313692511761019e+01
2.441850607350774283e+01
2.577128849115775999e+00
4.016513331645304774e+00
1.203991992295351698e+00
1.765903613235740854e+00
1.947532459595920695e+00
2.395260283545925351e+00
1.393193288779573047e+00
4.223549001337807418e+00
2.562222459986642331e+00
6.070083883168016392e+00
1.117891843603936008e+00
1.199345220959917491e+01
1.874043046310976290e+00
1.271854227863951436e+01
3.414557016541749146e+00
1.994653149822003035e+00
1.319446531714844495e+00
1.048688427908621268e+00
3.760387686849884226e+00
1.328204474447304495e+00
7.555927323964332309e+00
1.248251563824999355e+00
4.092151400312183718e+00
2.382469724933943045e+00
2.097653571425118102e+00
4.037412905224978310e+00
1.577123115611153370e+00
5.447058230148876135e+00
2.715133257038881087e+00
2.396362791044285068e+00
3.330792241806704634e+00
2.505009896370228528e+00
1.403368578192091931e+00
9.097226262006104847e+00
1.922089629952088874e+00
5.033915890678827942e+00
1.936566361581328222e+00
1.215622944755780921e+00
5.541220556910289474e+00
1.316437891519585612e+01
2.967620817487004903e+00
4.629269540217934242e+00
4.345688037240079460e+00
3.467082637350985319e+00
3.432204739124586457e+00
1.751442413393951458e+00
2.159223249575732861e+00
1.289342622941825001e+00
2.852800721175429377e+00
1.280385026176624974e+00
6.902676342197281656e+00
1.367045309670825404e+01
4.122912760183545799e+00
3.572347850530788627e+00
1.206711195643041457e+01
4.561854486978811352e+00
4.293345390065738343e+00
1.241706233509394908e+00
2.135197044655529286e+00
1.326642130706966904e+00
1.020374907414115739e+00
5.674215864202142079e+00
2.231979986092139878e+00
5.192982046165404597e+00
3.107729116301061190e+00
4.413133064481865375e+00
4.496142251933400225e+00
1.373865648366842551e+00
1.288755103019015635e+00
5.801695307281822700e+00
3.592648617206846140e+00
3.749669300116015958e+00
7.246308297957927635e+00
1.915065025362959750e+00
7.599412941083516060e+00
1.355648328561400939e+00
1.002198739538669514e+01
2.274734537126534395e+00
1.446418309342221065e+01
6.711580476022222186e+00
2.127961913180900222e+00
3.003011773929581629e+00
4.320951748439846085e+00
3.242794594660983520e+00
1.703917931175313427e+00
2.267394722488301095e+00
3.718052694720793916e+00
7.250801988438865919e+00
1.832518725193497389e+01
7.950342704850272391e+00
8.863635635016407832e+00
1.384874753746323073e+00
5.148581098965101077e+00
1.846192182389714942e+00
6.908265593765507973e+00
8.141637590772152322e+00
1.394177835201934279e+00
3.535554317683839542e+00
1.881424444788629913e+00
4.971736860990145779e+00
9.549112127910758474e+00
4.473115729293426490e+00
6.216102152809429349e+00
2.419691098871359358e+00
6.291935689681865007e+00
2.044116331846174806e+00
6.231641396514013387e+00
1.839771371855429827e+00
2.888590716979878792e+00
1.673886116752913100e+00
2.739498293174682519e+00
5.438628558932023793e+00
1.132313087338939317e+00
8.811880008450025059e+00
2.301820864451333826e+00
8.840357534276986229e+00
1.040322073375154810e+00
1.471149290756395889e+00
2.086320673782900315e+00
3.522415440770569894e+00
3.369411179898579523e+00
4.597120254921294169e+00
6.493792494774989876e+00
1.285515953490489860e+00
3.697231658736391147e+00
6.657295343858433689e+00
1.388774172008770957e+00
1.930652377766530314e+00
2.815101621376119745e+00
2.094119973229567222e+00
1.828460688210689078e+00
2.039604782983563069e+00
3.803147985943761356e+00
2.091231289561736428e+00
8.768337384941546020e+00
1.187325130219338609e+00
2.552574107342881149e+00
9.825634165570543033e+00
3.060891515735969293e+00
2.060039570311410273e+00
3.038971904846667460e+00
1.756355286500028257e+00
7.241926764082475820e+00
2.742993643791863168e+00
2.017444687447582208e+00
2.493532478932630081e+00
1.927414545780998978e+01
3.967448401561879834e+00
2.331071514408789458e+00
7.035867078208966063e+00
1.211752347384938311e+00
1.005048684195730679e+01
2.489287591982106029e+00
5.988124945128760146e+00
1.807362715774877726e+00
4.956123017998745439e+00
5.234715469316228109e+00
6.705622079605138453e+00
2.659330337036006409e+00
2.673599145101253072e+00
9.785983235659074353e+00
5.594263655986765116e+00
1.547562245237795731e+00
8.803180219828803388e+00
3.997075556942454977e+00
9.388475468041004746e+00
3.333510669193574216e+01
5.439671721336742927e+00
2.294819412114288415e+00
1.273140923937962743e+00
5.919325481358074015e+00
2.441861321657638584e+00
1.436235115646049998e+01
1.400617056120797566e+00
1.728625757476542235e+00
5.054589404277076703e+00
2.296489842767938772e+00
8.878544676613202569e+00
2.804148668776069275e+00
3.146485763939650404e+00
1.515742106473147777e+00
1.147019484330108030e+00
1.098878038207490082e+00
2.061077503268816891e+00
9.470688786329253261e+00
1.581595343174323709e+00
3.491530809682068792e+01
1.713310446160674294e+00
3.181317860603764647e+00
8.319889175131459425e+00
2.451213177420052514e+00
1.472943162691308761e+00
2.336353538108660644e+00
2.459217085063345909e+00
7.211802897129842904e+00
1.263409270640529991e+00
1.097524200864394839e+00
5.694071723209144231e+00
5.385437948029298205e+00
2.173632154179761411e+00
1.212869627195426236e+00
2.452995140642070471e+00
1.378795520162807264e+00
1.867183092765606123e+00
4.832306072685554454e+01
2.049076554434635877e+00
1.452366163241987307e+00
1.175345622958247294e+00
1.170230157218375311e+01
2.437955946785903549e+00
1.116119803216794715e+00
1.833629902152404068e+00
3.466863557543024221e+00
1.201540024505380089e+01
6.088674657159899972e+00
3.004288038644611802e+00
2.667631256091698599e+00
1.732445873780410484e+00
2.853720251470384994e+00
9.666265511345899952e+00
2.562951232826795156e+00
6.022683809543951661e+00
1.608747984539470099e+00
2.762381329897560356e+00
1.680047687315218141e+00
1.016606423737610454e+00
2.666591120752963562e+00
1.875084186787522711e+01
1.919383741438792645e+00
2.813905907938105244e+00
1.544681014468499036e+00
1.742548294197180603e+00
6.412256625869686921e+00
2.478127046940121314e+00
1.125098877871604008e+00
2.702490120675541618e+00
2.583767535093742129e+00
5.886845500038680790e+00
7.641835445310821484e+00
1.024831996386698529e+00
1.333419320374296646e+01
2.615811652810605015e+00
3.792454950924063262e+00
5.073756830028214537e+00
1.097743338372145327e+00
1.207287329319410496e+01
5.646541446894498328e+00
2.827595170597974494e+00
1.282320292496316938e+01
1.775554100666839386e+00
6.306968622807586300e+00
1.746606322938918820e+00
3.331689451193359019e+00
1.320485805536893764e+00
9.027098241161674252e+00
4.506676504140333606e+00
6.007879902704775787e+00
3.508646339428759919e+00
2.930025458570472807e+00
2.726551513120122561e+00
1.452788569117726913e+00
5.394578704323166107e+00
4.389057270510597242e+00
2.888922711176592717e+00
1.172001949704256063e+01
1.548100903735952771e+00
2.842470795122312932e+00
1.170602329646794226e+00
4.531977260444060462e+00
2.796057014560095588e+00
1.091153574118282066e+00
2.686665914051109993e+00
1.639457668017767489e+00
1.425874836958742620e+00
6.552801117614509785e+00
7.289609609667860646e+00
1.903973102915226034e+00
7.439677239269413711e+00
5.998253811875879471e+00
2.789426081010333291e+00
6.741937954860026672e+00
6.202206858324852412e+00
3.750162651596934626e+00
3.974477363438571054e+00
4.247030174815495940e+00
7.097771798456689041e+00
2.268657238580685576e+00
2.469495544297994449e+00
1.286239673767217262e+00
1.638392917104406488e+00
2.233995517871304681e+00
1.412036627489775142e+01
2.796591466218883770e+00
1.193652258142579692e+00
2.588097390702370326e+00
1.081691205039285109e+01
1.843734801507893595e+00
2.549098493323514347e+00
2.578830470100115235e+00
1.631843143306008104e+00
3.061796209351208997e+00
8.662095714712167549e+00
1.617220921934078293e+00
2.944371309680860360e+00
1.550360134773728804e+00
1.345021639696992510e+00
1.496718854161805368e+01
2.389412075717367134e+00
4.026238767220318593e+00
1.753724674843166076e+00
2.508378479747371603e+00
1.093382501698286546e+00
3.944738758192509298e+00
4.435811186956327035e+00
7.633528970697069482e+00
4.065960827229684327e+00
2.051786263768818230e+00
1.354679844682407097e+00
6.608659730165328483e+00
3.507643619062964735e+00
2.420481300652796985e+00
1.872300338182529833e+00
1.012001595934187703e+00
1.605654644966433953e+00
1.857306820535169489e+00
3.692738601789035346e+00
1.636148776905816282e+00
3.105375044259125250e+00
1.605058525256384705e+00
6.687960448684400205e+00
9.756505538559778756e+00
9.475310947608175383e+00
3.177985272107912706e+00
8.561172034990104152e+00
4.940733526889304272e+01
1.042540736868699858e+00
1.986010693243611902e+00
3.108119214398003205e+00
1.518453678399008577e+00
1.527233072642736555e+00
2.649854088138141162e+00
4.349268218483847370e+00
7.884731188888546072e+00
1.334780470318341461e+00
3.289564209488572200e+00
4.203691200544638740e+00
3.421510183274178551e+00
7.751418572564181098e+00
1.576408237641787391e+00
3.487283451679945578e+00
3.080267701424258764e+00
1.654273326955705503e+00
4.042614878123506728e+00
6.478591184738723641e+00
1.512303775032802378e+01
7.144970024122040186e+00
1.131609564236737642e+00
7.448316468778677368e+00
3.912254609507359149e+00
1.420134548065206115e+00
1.884454090542879934e+00
1.137993321476181929e+00
1.356056498627455031e+00
3.615142625853891012e+00
1.505177451031844083e+00
6.276084471267307840e+00
1.820233760572397586e+01
5.728773371359620725e+00
2.042193770383841311e+00
1.179250596516429361e+01
2.905266701569523491e+00
7.309168241547206790e+00
3.943298196481361373e+01
1.647370128328419892e+00
1.479853076671261647e+01
1.610386919222786650e+00
2.476221549283267986e+00
8.484414704147479114e+00
2.532232439886566322e+00
1.488413192893270676e+00
5.966233545256466542e+00
9.747116304774946727e+00
1.703413589917564641e+00
2.255092160083118635e+00
1.599754040378519537e+00
2.777949931693491248e+00
8.363077449318584655e+00
5.393808176822752820e+00
3.129823484431277780e+00
2.451497728995060132e+00
6.819280632399739694e+00
6.033462249729954152e+00
1.578078710959684772e+00
1.594332073024872010e+00
1.358051509930364054e+00
2.405920914790663723e+00
2.324649671918367488e+01
4.735037170331306555e+00
1.723347963323882404e+00
1.438123809894275462e+00
1.115547778340494345e+00
6.152394684030448424e+00
7.394346443029793825e+00
1.938827593954855599e+00
1.713767067846348136e+00
3.871646092835304032e+00
1.594606469641984159e+00
6.354959737812828635e+00
1.930063236338900978e+00
5.867849029062141675e+00
1.367586496637628324e+00
4.871108571050234204e+00
1.735031197922476842e+00
1.326482800093468128e+01
1.128094800878027604e+00
1.601604686794796173e+00
1.727230066732785341e+00
2.638208432411319748e+00
1.280259158304334566e+00
7.673249353292192154e+00
1.147877935378759595e+00
2.190664447687531879e+00
4.789380437796797452e+00
9.543710722219090670e+00
1.207734346972226591e+00
1.121492502338523245e+01
1.908934274457205094e+00
1.209924674227320862e+00
2.062309840996580768e+00
2.211375873640455403e+00
8.547200489737281970e+00
3.044750010555096864e+00
5.203395300453705019e+00
2.651385070259609122e+00
5.575611643702290898e+00
2.731176441604552529e+00
3.114062353859647470e+00
4.026725355313005572e+00
2.024602036494191015e+00
2.371812044829052724e+00
3.299724149984252897e+00
1.898054403794141365e+00
3.401321124549768982e+00
1.927034748161807753e+00
3.938085237449672427e+00
1.796610782448044175e+00
3.852429844622802690e+00
1.044777738059537064e+01
1.524955793338146348e+00
3.884349395534204330e+00
3.671813795191725571e+00
1.311890537468477946e+00
1.072293014064335637e+01
2.015684262115740033e+00
5.274043978493391904e+00
1.624571826015817511e+00
3.353022713095773266e+00
1.502216212818852537e+00
2.845870293331464129e+00
2.460822343057203376e+00
2.567828109847249518e+00
2.396618690914314787e+00
2.489189980730444951e+00
2.205723228780864797e+00
3.674711909724908132e+00
1.304341206059728364e+00
6.718577630140229573e+00
1.641380418275595998e+00
3.926609773152986094e+00
1.125736571636469563e+00
3.229597018392220686e+00
1.867987853209233995e+00
1.309651868871927416e+00
3.221901435480050591e+00
1.966853247208927069e+00
1.283028779520206886e+00
5.605871669685233982e+00
2.100139105067252654e+00
1.816513793899101170e+00
4.262209851692308149e+00
1.565565071030256661e+00
8.726149214289206313e+00
3.506149192201705400e+00
1.339108788082254531e+00
1.309501738697017803e+00
1.398252859521476266e+00
1.951423520842136883e+00
1.951859671281826358e+00
3.797704555270450033e+00
1.053546896165731495e+00
4.211276150866896550e+00
8.461146602313615261e+00
1.341025839609117698e+00
1.566052762538964416e+00
1.286135421593307182e+00
1.455404850645818149e+00
1.194324475486362003e+00
1.252229513064921029e+00
1.650251450614131343e+01
4.318264923116257314e+00
1.486001666265324817e+00
6.229535781486207568e+00
6.358201784513471289e+00
1.227465281245058160e+00
5.250625677518102385e+00
5.747121862230398115e+00
1.946677249531483511e+01
2.414794969576501860e+00
2.974747678223760516e+00
1.138609755826834835e+01
1.427740858944389934e+01
2.373842769440925871e+00
1.247550810255711129e+00
2.148993843935939285e+00
1.461724567582172396e+00
5.675638314543009599e+00
1.430994623636080210e+00
2.829086623400527412e+00
3.518800248972096423e+00
4.491515420015684157e+00
2.388344727807265588e+00
2.432398593746769588e+00
1.325862595133076471e+00
6.220696729791422186e+00
1.940939027256940896e+00
3.646210354183483826e+00
1.806894301606543296e+00
2.626603801422411344e+00
8.621438777818568155e+00
