4.569831999999999894e+00 4.895659000000000205e+00 1.829361000000000015e+00
3.722243000000000190e+00 5.845054000000000194e+00 5.835409000000000290e+00
3.660981000000000041e+00 7.557764999999999844e+00 3.736661999999999928e+00
1.360015999999999892e+00 8.302122000000000668e+00 2.948634000000000199e+00
2.392666000000000182e+00 5.448456000000000188e+00 7.677660000000000373e+00
5.516873999999999612e+00 3.971731999999999818e+00 4.878160000000000274e+00
9.832395999999999248e+00 8.048018000000000782e+00 7.946729999999999627e+00
6.046270999999999951e+00 4.593778000000000361e+00 6.237430000000000474e-01
5.418460999999999750e+00 2.716279999999999806e+00 7.229130999999999752e+00
4.753800000000000026e+00 7.268085000000000129e+00 4.610928999999999611e+00
3.618161999999999878e+00 3.911236000000000157e+00 2.051759000000000110e+00
3.346814999999999873e+00 2.828310999999999797e+00 4.573820999999999692e+00
2.762716999999999867e+00 6.820732999999999713e+00 6.892530999999999963e+00
4.907957999999999821e+00 5.957824999999999704e+00 4.564035999999999760e+00
5.472824000000000133e+00 5.367244999999999600e+00 1.876978000000000035e+00
6.616623999999999839e+00 6.299375000000000391e+00 9.234306000000000125e+00
5.509756000000000320e+00 5.902560000000000251e+00 6.717970000000000219e+00
3.832901999999999809e+00 5.098348999999999798e+00 8.611055999999999599e+00
4.296774000000000093e+00 7.498031000000000112e+00 9.652466999999999686e+00
7.834837000000000273e+00 3.936243999999999854e+00 4.854826000000000086e+00
3.495769000000000126e+00 6.422691000000000372e+00 5.954735999999999585e+00
8.022895000000000110e+00 2.560725999999999836e+00 4.380860000000000198e+00
3.696966000000000196e+00 5.351283999999999708e+00 1.717603999999999909e+00
5.145325999999999844e+00 3.790779999999999816e+00 4.619353000000000264e+00
7.126914000000000193e+00 5.770717999999999570e+00 5.442625999999999742e+00
5.119787999999999784e+00 8.402684999999999960e+00 7.515640000000000320e+00
8.294859000000000648e+00 7.294274999999999842e+00 1.926960000000000006e+00
6.617901999999999951e+00 4.988082999999999601e+00 4.435677000000000092e+00
1.949559999999999960e+00 3.593010000000000037e+00 5.064105999999999774e+00
6.076750999999999792e+00 6.970481000000000371e+00 5.270306999999999853e+00
4.586184000000000260e+00 7.663458999999999577e+00 6.443054000000000059e+00
3.977532000000000068e+00 4.138480000000000381e+00 6.631438000000000166e+00
5.982966000000000228e+00 5.791574999999999918e+00 6.580503000000000213e+00
5.701823000000000086e+00 4.437121999999999566e+00 5.076933000000000362e+00
5.022476000000000163e+00 4.969147999999999676e+00 6.614421000000000106e+00
2.548121000000000080e+00 5.200554999999999595e+00 4.907220999999999833e+00
7.196401999999999965e+00 7.169594000000000023e+00 7.099384999999999835e+00
8.398777000000000825e+00 3.516167999999999960e+00 5.339603999999999573e+00
5.239726000000000106e+00 3.507789999999999964e+00 1.884230000000000071e+00
3.541189999999999838e+00 5.891415000000000290e+00 5.904180000000000206e+00
7.814459000000000266e+00 9.022202000000000055e+00 5.824958999999999776e+00
9.227923999999999793e+00 7.661387000000000391e+00 1.883968000000000087e+00
2.905073999999999934e+00 3.770221999999999962e+00 6.141248000000000040e+00
4.550430000000000419e+00 8.206240000000000201e-01 4.708885999999999683e+00
7.615522999999999598e+00 6.079861000000000182e+00 6.713362000000000052e+00
4.204496999999999929e+00 5.145610999999999713e+00 7.435768000000000377e+00
1.250628000000000073e+00 2.955716999999999928e+00 6.301243000000000372e+00
8.255793000000000603e+00 4.463294999999999568e+00 6.113502999999999687e+00
7.969002999999999837e+00 4.224029999999999951e+00 7.546782000000000323e+00
6.076914999999999623e+00 7.625454999999999650e+00 5.132636999999999894e+00
6.124819999999999709e+00 4.467139999999999667e+00 7.072614999999999874e+00
9.217119000000000284e+00 2.117274000000000100e+00 3.518517000000000117e+00
5.249356999999999829e+00 4.809080999999999939e+00 6.951425999999999661e+00
5.177891999999999939e+00 1.930517999999999956e+00 5.571621999999999630e+00
4.910660000000000025e+00 3.655206999999999873e+00 6.076323999999999614e+00
4.614911000000000207e+00 6.871471999999999802e+00 6.039399000000000406e+00
5.527529000000000359e+00 3.217175999999999814e+00 2.607928999999999942e+00
2.660924000000000067e+00 5.501513000000000098e+00 5.630779999999999674e+00
3.220349000000000128e+00 5.640105000000000146e+00 4.814936000000000327e+00
3.656722999999999946e+00 5.207970999999999684e+00 3.089758999999999922e+00
9.895272999999999541e+00 3.422298000000000062e+00 8.877509999999999568e-01
3.444992000000000054e+00 4.027307000000000414e+00 4.325772999999999868e+00
7.490071000000000367e+00 4.459421999999999997e+00 3.135097000000000023e+00
5.072010999999999825e+00 6.636822999999999695e+00 4.931618000000000279e+00
7.203094000000000108e+00 5.296541000000000388e+00 3.880390999999999924e+00
1.766782000000000075e+00 4.912993000000000166e+00 4.183296999999999599e+00
9.531280000000000641e+00 4.019231000000000442e+00 8.233397999999999328e+00
6.700656999999999641e+00 7.739154000000000089e+00 2.615559999999999885e+00
7.758487999999999829e+00 2.735399000000000136e+00 7.185598999999999847e+00
6.156842000000000148e+00 7.094332999999999778e+00 8.519420999999999466e+00
7.255577999999999861e+00 6.529169999999999696e+00 4.336106000000000016e+00
9.342098999999999265e+00 3.707447999999999855e+00 4.092343999999999760e+00
7.425690999999999597e+00 4.710589999999999833e+00 4.463904999999999568e+00
7.525928000000000395e+00 5.140727000000000046e+00 7.020262999999999920e+00
9.112800000000000011e+00 7.473250000000000171e-01 3.248730999999999813e+00
2.420655000000000001e+00 9.221208999999999989e+00 3.831062000000000189e+00
7.785401000000000238e+00 4.627207000000000292e+00 3.928310999999999886e+00
2.376011000000000095e+00 8.273799000000000348e+00 4.268443999999999683e+00
4.449703999999999660e+00 6.979455999999999882e+00 8.464722000000000079e+00
9.235080999999999207e+00 6.176285000000000025e+00 5.144303999999999988e+00
6.580562999999999718e+00 6.575543999999999834e+00 3.552608000000000210e+00
4.114777000000000129e+00 3.315344000000000069e+00 2.712753999999999888e+00
9.329442000000000235e+00 6.923720999999999570e+00 3.803997999999999990e+00
8.786612999999999118e+00 3.311100999999999850e+00 7.363488000000000255e+00
6.484704999999999941e+00 5.542689000000000199e+00 3.359929000000000165e+00
4.066211000000000020e+00 3.047209000000000056e+00 3.283961000000000130e+00
2.747993999999999826e+00 5.974688999999999695e+00 5.569225000000000314e+00
4.517989000000000033e+00 6.088916000000000217e+00 3.912154000000000131e+00
6.200298000000000087e+00 5.305482999999999727e+00 8.534190999999999860e+00
4.320867999999999931e+00 4.954790000000000028e+00 5.437294999999999767e+00
7.691893999999999565e+00 4.845519000000000354e+00 2.195990999999999804e+00
7.531100999999999601e+00 6.327687000000000062e+00 5.989619000000000248e+00
3.787103000000000108e+00 2.776612000000000080e+00 6.334760000000000169e+00
7.121107000000000298e+00 2.159044999999999881e+00 5.057599999999999874e+00
4.544414999999999871e+00 2.217928999999999817e+00 6.684129999999999683e+00
4.955987000000000364e+00 4.549335000000000129e+00 9.542372999999999550e+00
5.312801999999999580e+00 9.021172999999999220e+00 6.605566999999999744e+00
5.835187999999999597e+00 3.501640999999999782e+00 4.553759999999999586e+00
7.505513999999999797e+00 4.732172000000000267e+00 3.679517999999999844e+00
4.955187999999999704e+00 5.881531999999999982e+00 1.465036999999999923e+00
4.273266999999999705e+00 4.430299999999999905e+00 4.243655000000000399e+00
4.978975000000000151e+00 4.311720000000000219e+00 4.356595000000000439e+00
4.679045000000000343e+00 2.504799000000000220e+00 3.227091999999999850e+00
7.845750999999999920e+00 2.067963000000000218e+00 8.856925000000000381e+00
4.960111000000000381e+00 3.558670000000000222e+00 1.399310000000000054e+00
6.835945999999999856e+00 4.888173000000000101e+00 6.083321999999999896e+00
5.006724000000000174e+00 3.171139999999999848e+00 2.336010000000000031e-01
2.519824999999999982e+00 5.665227999999999930e+00 6.399454000000000420e+00
4.948471999999999760e+00 4.103580000000000005e+00 2.744444000000000106e+00
8.256700999999999624e+00 4.986951000000000356e+00 3.350794000000000050e+00
3.873742000000000019e+00 6.693645000000000067e+00 3.219778999999999947e+00
2.551705999999999808e+00 4.534019999999999939e+00 8.138472999999999402e+00
4.963135000000000296e+00 4.029144999999999754e+00 4.706771999999999956e+00
1.470167999999999919e+00 1.473716000000000026e+00 5.989694000000000074e+00
1.517463999999999924e+00 5.585551999999999850e+00 3.757541999999999938e+00
3.382835000000000036e+00 8.540198999999999430e+00 8.310287000000000646e+00
3.617614999999999803e+00 5.095551000000000386e+00 1.016899999999999915e+00
2.789969000000000143e+00 3.595840000000000147e-01 1.373471000000000108e+00
4.669772000000000034e+00 5.460421000000000191e+00 3.644128999999999952e+00
7.961827000000000432e+00 9.077695999999999543e+00 6.253186000000000355e+00
6.490056000000000047e+00 4.551379999999999870e-01 5.480610000000000204e-01
3.025377999999999901e+00 6.741029000000000160e+00 4.506689999999999863e+00
5.661871999999999794e+00 4.545759000000000327e+00 8.295251999999999626e+00
7.323633000000000060e+00 2.997238999999999987e+00 3.962463000000000068e+00
5.411348000000000269e+00 5.571424000000000376e+00 5.163826000000000249e+00
9.394247999999999266e+00 4.162072000000000216e+00 3.317581000000000113e+00
4.433474999999999611e+00 3.091644000000000059e+00 3.506146999999999903e+00
5.789253000000000426e+00 6.385731999999999964e+00 4.166311000000000320e+00
8.425395999999999219e+00 3.965930999999999873e+00 2.199809000000000125e+00
2.875000000000000125e-02 5.370868999999999893e+00 2.955823000000000089e+00
6.880932999999999744e+00 4.195076000000000249e+00 5.075749000000000066e+00
1.190453999999999901e+00 4.670874999999999666e+00 3.562618000000000062e+00
6.563870000000000537e-01 7.488881000000000121e+00 4.397433999999999621e+00
1.430625000000000036e+00 9.455517000000000394e+00 7.812935000000000407e+00
4.884921000000000291e+00 2.010692999999999842e+00 4.944955000000000211e+00
4.239340000000000330e+00 4.720019999999999882e+00 4.279804999999999637e+00
6.100022000000000055e+00 6.954860000000000042e+00 6.948898999999999937e+00
5.848480000000000345e+00 3.241566999999999865e+00 2.920396999999999910e+00
5.032661000000000051e+00 1.541965999999999948e+00 8.195138999999999285e+00
2.646487000000000034e+00 5.952683000000000391e+00 4.180684000000000289e+00
3.031187000000000076e+00 5.811071000000000097e+00 3.296384000000000203e+00
7.468072000000000266e+00 2.938004999999999978e+00 2.554641999999999857e+00
3.692344999999999988e+00 6.937771999999999828e+00 4.787136000000000280e+00
6.434490000000000487e-01 6.520576000000000150e+00 4.661367000000000260e+00
4.803478000000000137e+00 2.439490999999999854e+00 6.443075000000000330e+00
7.803830999999999740e+00 8.157453000000000287e+00 9.308125999999999678e+00
4.363508000000000386e+00 5.517109999999999737e+00 4.918410999999999866e+00
4.597156000000000020e+00 2.448300999999999839e+00 5.124753000000000114e+00
5.588142999999999638e+00 7.215244000000000213e+00 1.158984000000000014e+00
6.271893999999999636e+00 5.534704999999999764e+00 7.242296999999999763e+00
3.276622999999999841e+00 5.567358999999999725e+00 5.026683000000000234e+00
8.688375000000000625e+00 2.703488999999999809e+00 3.545190999999999981e+00
5.193934999999999746e+00 3.755415000000000170e+00 4.610206999999999944e+00
9.369650000000000034e+00 6.732923999999999687e+00 4.691924000000000206e+00
5.890883999999999787e+00 6.261707999999999608e+00 4.486307000000000045e+00
4.076584000000000430e+00 4.619121999999999950e+00 6.941855999999999582e+00
8.022596000000000060e+00 3.804866000000000081e+00 3.361931999999999920e+00
8.130482000000000653e+00 4.726529000000000202e+00 7.006943999999999839e+00
4.482584000000000124e+00 4.976499999999999702e+00 8.355522999999999811e+00
7.602780000000000094e-01 7.717690000000000161e+00 4.746094000000000257e+00
4.379950000000000010e+00 8.156698999999999700e+00 6.562997000000000192e+00
9.176033999999999580e+00 6.460801000000000016e+00 6.344897999999999705e+00
5.635895999999999795e+00 3.075806000000000040e+00 4.589135999999999882e+00
3.712852999999999959e+00 3.481851999999999947e+00 8.925518999999999536e+00
8.551636000000000237e+00 3.635970000000000035e-01 1.612449999999999939e+00
2.282623000000000069e+00 6.731062999999999796e+00 4.719159000000000326e+00
8.714928999999999704e+00 5.856730999999999909e+00 9.170429999999999637e+00
8.529579999999999274e+00 5.388927999999999940e+00 7.299363999999999741e+00
6.229166000000000203e+00 3.744625000000000092e+00 7.356192000000000064e+00
6.079683000000000170e+00 5.052262999999999948e+00 6.108708000000000027e+00
5.141329999999999956e+00 4.120207999999999871e+00 2.556338999999999917e+00
1.848014000000000046e+00 4.162400000000000128e-02 2.913718999999999948e+00
3.462352999999999792e+00 4.147921000000000191e+00 7.094172999999999618e+00
2.729824999999999946e+00 2.310763000000000122e+00 4.200870000000000104e+00
5.340450999999999837e+00 4.323750999999999678e+00 4.038465000000000416e+00
2.619854000000000127e+00 7.296599999999999753e-01 8.980038000000000409e+00
4.367544999999999789e+00 1.886263999999999941e+00 2.181217000000000183e+00
7.806149999999999700e+00 2.401733000000000118e+00 3.027175999999999867e+00
7.735116999999999798e+00 6.337337999999999916e+00 3.655245999999999995e+00
5.376069999999999460e-01 4.530472999999999750e+00 3.782204000000000121e+00
5.551834999999999631e+00 4.912765000000000271e+00 3.693337000000000092e+00
4.024689000000000405e+00 8.801776000000000266e+00 6.389718000000000231e+00
1.113677000000000028e+00 6.717827999999999911e+00 6.024091999999999558e+00
6.391016999999999726e+00 7.310759000000000007e+00 6.179443000000000019e+00
8.741149999999999309e+00 7.205026000000000153e+00 3.112770999999999955e+00
5.571017000000000330e+00 5.576533999999999658e+00 3.974803999999999782e+00
2.703278000000000070e+00 7.541590000000000238e+00 7.251354000000000077e+00
5.822923000000000293e+00 5.338315999999999839e+00 2.562638000000000194e+00
7.755455999999999683e+00 3.101335999999999871e+00 3.165343000000000018e+00
3.773372999999999866e+00 9.839928999999999704e+00 1.853399999999999936e+00
4.638168000000000291e+00 1.734334999999999960e+00 1.843574000000000046e+00
4.044292000000000442e+00 6.969114000000000253e+00 6.753775000000000084e+00
3.082352000000000203e+00 3.293683000000000138e+00 5.275164000000000186e+00
8.123181999999999903e+00 7.134070000000000356e+00 8.044394999999999740e+00
7.490148999999999724e+00 1.004588000000000036e+00 2.635231000000000101e+00
7.976229000000000013e+00 4.445299000000000333e+00 6.590629999999999988e+00
3.037841999999999931e+00 6.579856999999999623e+00 6.604796000000000333e+00
9.582388999999999157e+00 5.201322000000000223e+00 7.816066000000000180e+00
5.933158999999999850e+00 6.219089999999999563e+00 5.863744999999999763e+00
5.700281000000000375e+00 5.676262000000000363e+00 1.297652000000000028e+00
7.723727000000000231e+00 8.706832000000000349e+00 1.086038999999999977e+00
7.432287999999999784e+00 5.246948999999999863e+00 4.640057999999999794e+00
2.369502999999999915e+00 5.528135999999999939e+00 6.470994000000000135e+00
6.435037999999999592e+00 3.280921999999999894e+00 7.371203999999999645e+00
5.717787999999999649e+00 5.745446000000000275e+00 7.631577000000000055e+00
3.724422000000000121e+00 6.296788000000000274e+00 1.556912999999999991e+00
2.208330000000000126e+00 1.385264000000000051e+00 5.628956999999999766e+00
3.311943999999999999e+00 5.782831999999999972e+00 6.570572000000000301e+00
6.999090999999999951e+00 2.592553000000000107e+00 3.496776000000000106e+00
7.787252999999999759e+00 3.064934000000000047e+00 7.430479000000000056e+00
6.169459999999999944e+00 1.368281000000000081e+00 5.830986000000000224e+00
5.489975000000000271e+00 5.881232999999999933e+00 2.737350000000000061e-01
5.706165999999999627e+00 6.412378999999999607e+00 6.987902000000000058e+00
5.611711999999999811e+00 4.570038000000000267e+00 7.576006999999999714e+00
6.046044000000000196e+00 5.487837999999999994e+00 1.589657000000000098e+00
3.721791000000000071e+00 4.741438999999999737e+00 5.022897000000000389e+00
4.681799999999999851e-01 3.771247999999999934e+00 6.074705999999999939e+00
2.531257000000000090e+00 5.000723999999999947e+00 2.631655999999999995e+00
9.492582999999999771e+00 7.372590999999999894e+00 4.076702000000000048e+00
4.875217000000000134e+00 4.959839999999999804e-01 7.998853999999999687e+00
5.285885999999999640e+00 2.524894000000000194e+00 3.871255000000000113e+00
1.858586000000000071e+00 5.277782000000000195e+00 4.668482000000000021e+00
1.197202000000000099e+00 8.606427999999999301e+00 8.100758000000000791e+00
2.846570999999999962e+00 6.199996999999999758e+00 6.008766999999999747e+00
4.718534000000000006e+00 6.187860999999999834e+00 7.071247999999999756e+00
7.142477000000000409e+00 5.907818999999999932e+00 8.421630000000000393e+00
7.559917999999999694e+00 3.162897000000000070e+00 6.775267999999999624e+00
7.844009999999999927e+00 3.884732000000000074e+00 7.399875999999999898e+00
3.424363000000000046e+00 4.032739000000000296e+00 3.922836999999999907e+00
3.145430000000000170e+00 7.818598999999999855e+00 3.340180999999999845e+00
6.641352000000000366e+00 4.258018999999999998e+00 4.068717999999999613e+00
2.327407000000000004e+00 4.525751999999999775e+00 5.408934999999999604e+00
2.107514999999999805e+00 1.514013000000000053e+00 2.142901999999999862e+00
6.692770999999999582e+00 7.985764999999999780e+00 2.820373000000000019e+00
3.380365999999999982e+00 1.968047000000000102e+00 4.287880000000000358e+00
2.748340999999999923e+00 4.125472000000000250e+00 4.482145000000000046e+00
2.440071000000000101e+00 5.252525000000000333e+00 5.366749000000000436e+00
5.124399000000000370e+00 5.802641000000000382e+00 5.194321999999999662e+00
4.365229000000000248e+00 8.712783999999999196e+00 3.862419000000000047e+00
4.220747000000000249e+00 9.207551999999999737e+00 2.830538999999999916e+00
1.810349999999999904e+00 3.944787999999999961e+00 4.830474999999999852e+00
4.678613999999999606e+00 6.706534000000000439e+00 5.168852000000000224e+00
6.483483999999999803e+00 4.870086999999999833e+00 5.475831000000000337e+00
5.074341999999999686e+00 2.073412999999999951e+00 7.451407999999999809e+00
9.171803000000000594e+00 1.957441999999999904e+00 4.317899999999999849e+00
8.652207999999999899e+00 3.936700000000000088e+00 5.359147000000000105e+00
1.702568000000000081e+00 5.160239999999999938e+00 3.436307999999999918e+00
1.939557999999999893e+00 1.168434999999999890e+00 6.075858000000000203e+00
4.185158999999999629e+00 2.654217000000000048e+00 4.094369999999999954e-01
5.307127000000000372e+00 7.576330999999999705e+00 3.310856999999999939e+00
5.595305999999999891e+00 8.150349999999999540e+00 4.112611000000000239e+00
8.355140000000000455e+00 8.627414999999999168e+00 3.289874999999999883e+00
6.837975000000000136e+00 8.826812000000000324e+00 6.599874999999999936e+00
3.181309999999999860e+00 4.803187000000000317e+00 8.615617000000000303e+00
2.598090000000000011e+00 4.222008999999999901e+00 6.557230999999999810e+00
8.124843000000000259e+00 5.265031999999999712e+00 2.579467000000000176e+00
6.790452000000000155e+00 4.956582000000000043e+00 1.139305000000000012e+00
4.255081999999999809e+00 7.570045000000000357e+00 3.865298000000000123e+00
2.402010000000000201e+00 4.617256000000000249e+00 8.174136000000000735e+00
2.236626999999999921e+00 3.528707999999999956e+00 4.646093999999999724e+00
2.627327000000000190e+00 7.906433999999999962e+00 3.167462000000000000e+00
5.613804000000000016e+00 5.591035999999999895e+00 8.878740999999999772e+00
6.633874999999999744e+00 2.219095999999999957e+00 6.870921000000000056e+00
3.120206000000000035e+00 6.003029999999999866e+00 2.071969999999999867e+00
7.954854000000000092e+00 2.003146000000000093e+00 7.071659999999999613e+00
1.439524000000000026e+00 5.346814000000000178e+00 9.746636999999999773e+00
8.634560000000000013e-01 2.452128999999999781e+00 9.271905999999999537e+00
2.255917999999999868e+00 6.657485000000000319e+00 8.496555999999999997e+00
1.350783999999999985e+00 5.057703000000000060e+00 4.167315000000000325e+00
4.245625999999999678e+00 1.552755000000000107e+00 4.983583000000000318e+00
5.551317000000000057e+00 7.121802999999999884e+00 2.511779000000000206e+00
7.269274000000000235e+00 8.312310000000000088e+00 7.111163999999999596e+00
2.924260000000000193e-01 9.976537000000000432e+00 6.634275999999999840e+00
7.978972999999999871e+00 1.195340000000000069e+00 4.803810000000000358e+00
7.326215000000000366e+00 4.540138999999999925e+00 1.239927999999999919e+00
7.723690999999999640e+00 6.488833999999999769e+00 4.716946000000000083e+00
6.385703999999999603e+00 1.992660000000000098e+00 6.659791000000000238e+00
5.842971999999999611e+00 5.801407000000000203e+00 1.112559999999999993e+00
4.865937999999999874e+00 6.886598000000000219e+00 9.219747999999999166e+00
8.262111000000000871e+00 7.820738999999999663e+00 3.707369999999999832e-01
3.721410000000000107e+00 3.912170999999999843e+00 3.479408999999999974e+00
8.400128000000000483e+00 4.885137000000000285e+00 6.537499999999999645e+00
5.084848000000000035e+00 9.422283000000000186e+00 8.596068000000000708e+00
5.329131000000000284e+00 8.740021000000000484e+00 2.579757999999999996e+00
4.240402999999999700e+00 6.822098999999999691e+00 8.865337999999999496e+00
8.205980000000000274e+00 2.224416999999999867e+00 5.350197999999999787e+00
5.557379000000000069e+00 5.436944000000000443e+00 8.062811999999999202e+00
3.811395000000000088e+00 4.781176999999999566e+00 5.256691000000000003e+00
3.365534999999999943e+00 3.779396999999999895e+00 3.304990999999999790e+00
8.632804999999999396e+00 1.231370000000000076e+00 6.339839999999999698e+00
7.509265000000000079e+00 3.991830000000000211e+00 3.044516999999999918e+00
4.305121999999999893e+00 4.131019000000000219e+00 9.285140999999999423e+00
5.998746999999999829e+00 6.997080000000000410e+00 5.215958999999999790e+00
8.874295000000000044e+00 4.811639999999999695e+00 5.998198000000000363e+00
4.264213999999999949e+00 6.101600000000000357e+00 4.941943000000000197e+00
3.959684000000000204e+00 6.628302999999999834e+00 4.410864000000000118e+00
5.544395999999999880e+00 6.611315000000000275e+00 5.200572000000000195e+00
3.014063000000000159e+00 2.136714000000000002e+00 6.249392000000000280e+00
2.469813999999999954e+00 5.040803000000000367e+00 6.935378000000000043e+00
6.058227999999999724e+00 1.918169000000000013e+00 3.751167000000000140e+00
3.159183000000000074e+00 4.295855999999999675e+00 9.250897000000000148e+00
3.676343999999999834e+00 5.477972000000000286e+00 4.821235999999999855e+00
8.222500000000000142e+00 5.508918000000000426e+00 5.530643999999999672e+00
7.867907999999999902e+00 6.314713000000000243e+00 2.867398000000000113e+00
7.542829000000000228e+00 6.719581999999999944e+00 5.138238999999999557e+00
1.858489999999999975e+00 6.452615999999999907e+00 8.198060000000000347e-01
9.840185999999999211e+00 4.355781000000000347e+00 1.364000000000000101e+00
5.038889000000000173e+00 7.574538000000000437e+00 1.232466000000000061e+00
2.078670999999999935e+00 4.453808000000000433e+00 7.567166000000000281e+00
1.450223000000000040e+00 4.679293000000000369e+00 5.753110000000000390e+00
7.172742000000000395e+00 8.357639999999999958e+00 3.306531999999999805e+00
7.563104000000000049e+00 5.442306999999999562e+00 4.742430999999999841e+00
4.408862000000000059e+00 6.673525999999999847e+00 5.487069999999999448e-01
3.763176000000000077e+00 6.843562000000000367e+00 8.481664999999999566e+00
5.351102000000000025e+00 1.000118999999999980e+00 7.923600000000000421e+00
9.045156000000000418e+00 4.386396000000000406e+00 2.789985999999999855e+00
2.091362999999999861e+00 6.345913000000000359e+00 3.168398999999999965e+00
2.463925000000000143e+00 6.304491999999999763e+00 6.251643999999999757e+00
7.819649000000000072e+00 7.708171000000000106e+00 2.480882999999999949e+00
5.660739999999999661e+00 4.033889000000000280e+00 8.185029999999999362e+00
6.355342000000000269e+00 6.040657999999999639e+00 9.024675999999999476e+00
5.516321999999999726e+00 9.104402000000000328e+00 5.401716000000000406e+00
6.015769999999999840e+00 9.872560000000000002e+00 6.918453999999999660e+00
5.070064999999999600e+00 2.208762000000000114e+00 4.753093999999999930e+00
5.864404000000000394e+00 7.983349999999999724e+00 5.146139999999999937e+00
8.548329000000000732e+00 5.842884999999999884e+00 1.249112000000000000e+00
5.809370000000000367e+00 2.772034000000000109e+00 2.161500000000000199e+00
5.492011999999999894e+00 4.631247000000000114e+00 3.411869999999999958e+00
4.523757999999999946e+00 2.755349999999999966e+00 7.266920000000000046e-01
6.597249999999999837e+00 4.726553000000000004e+00 4.619786999999999644e+00
1.536767999999999912e+00 8.236395999999999162e+00 4.150470000000000326e+00
3.057131000000000043e+00 5.728024999999999700e+00 4.709393999999999636e+00
3.499013999999999847e+00 7.184325000000000294e+00 6.518542000000000058e+00
6.318931000000000076e+00 5.420042999999999722e+00 6.038038000000000238e+00
5.614777000000000129e+00 4.925849999999999951e-01 3.444955000000000211e+00
8.594859999999999722e-01 6.094424000000000063e+00 3.574059999999999793e+00
6.650415999999999883e+00 3.851779000000000064e+00 7.038850000000000051e+00
6.696049999999999613e+00 5.307040999999999897e+00 2.939494999999999969e+00
9.153066000000000813e+00 7.938717999999999719e+00 2.180775000000000130e+00
5.894611000000000267e+00 7.234887999999999764e+00 3.750007999999999786e+00
3.140225000000000044e+00 3.458686999999999845e+00 6.778843000000000174e+00
5.040477000000000096e+00 4.046041999999999916e+00 1.733044000000000029e+00
1.470164000000000026e+00 6.869564999999999699e+00 1.300750000000000073e+00
6.787079999999999558e+00 4.813391000000000197e+00 5.860929999999999751e-01
7.272517999999999816e+00 7.544253000000000320e+00 6.431408000000000236e+00
4.423549000000000397e+00 6.411427999999999905e+00 3.931874000000000091e+00
6.462279999999999802e+00 3.954648000000000163e+00 7.368608000000000047e+00
6.359263999999999584e+00 8.170697000000000543e+00 3.902896999999999839e+00
7.357035999999999909e+00 5.096403999999999712e+00 7.346656000000000297e+00
1.789360999999999979e+00 4.439878000000000213e+00 8.377883999999999887e+00
6.400830000000000020e+00 5.336712999999999596e+00 7.686683000000000376e+00
5.047184999999999810e+00 8.432491999999999877e+00 7.113038999999999668e+00
6.763675000000000104e+00 4.508801000000000059e+00 8.231636999999999205e+00
2.409365999999999897e+00 8.250754999999999839e+00 7.409440000000000026e+00
4.183499999999999996e-01 7.772986000000000395e+00 4.093384000000000356e+00
3.646078000000000152e+00 5.791409999999999947e+00 8.860120000000000218e-01
5.131507000000000041e+00 3.839738000000000095e+00 2.437107999999999830e+00
8.805206999999999340e+00 5.221807000000000087e+00 6.289144000000000290e+00
5.534150999999999598e+00 2.705211999999999950e+00 5.585107999999999961e+00
4.538128000000000384e+00 1.781554000000000082e+00 5.373399000000000036e+00
5.600452999999999903e+00 4.728226000000000262e+00 6.957881999999999678e+00
7.963508000000000031e+00 6.042341000000000406e+00 6.426654000000000089e+00
8.249256000000000810e+00 4.855424000000000184e+00 5.986735999999999613e+00
5.607143999999999906e+00 8.751768000000000214e+00 6.468140000000000001e+00
5.560332999999999970e+00 2.887807000000000013e+00 5.437363999999999642e+00
2.564970999999999890e+00 5.647180999999999784e+00 3.695914999999999839e+00
5.577022000000000368e+00 3.768349999999999755e-01 2.962563999999999975e+00
6.909913999999999668e+00 2.613220999999999794e+00 5.710561000000000220e+00
5.502591999999999928e+00 1.751541999999999932e+00 5.450606999999999758e+00
3.478746999999999812e+00 5.319504000000000232e+00 1.934911999999999965e+00
3.251726000000000116e+00 5.664946999999999733e+00 3.683399999999999785e+00
7.527612000000000414e+00 4.897531999999999996e+00 5.316703999999999652e+00
4.500771000000000299e+00 4.358600000000000030e+00 7.556517999999999624e+00
5.500407000000000046e+00 6.574352000000000196e+00 1.846821999999999964e+00
4.435935999999999879e+00 5.224133000000000138e+00 6.975484999999999935e+00
3.894397999999999804e+00 7.835548000000000179e+00 3.314058999999999866e+00
3.155996000000000024e+00 3.258185000000000109e+00 6.196048000000000222e+00
2.634665000000000035e+00 1.178096999999999950e+00 7.782803000000000360e+00
1.647920000000000051e+00 4.786489000000000438e+00 4.665309999999999846e+00
7.903036000000000172e+00 7.154897000000000062e+00 4.709254999999999747e+00
2.184925999999999924e+00 4.791147999999999740e+00 5.459490999999999872e+00
7.628644999999999676e+00 4.733495999999999704e+00 4.513129000000000168e+00
6.634439000000000419e+00 7.007355999999999696e+00 7.233736000000000388e+00
9.685368999999999673e+00 2.865794999999999870e+00 5.331145000000000245e+00
7.157027000000000250e+00 3.098698000000000174e+00 6.372279999999999944e+00
8.752698000000000533e+00 3.569547000000000025e+00 6.662392999999999788e+00
2.520274000000000125e+00 3.568367999999999984e+00 1.582588000000000106e+00
5.744400999999999868e+00 3.413253000000000092e+00 4.901527999999999885e+00
4.301472999999999658e+00 5.762389999999999901e+00 3.347091999999999956e+00
2.348343999999999987e+00 6.866337999999999830e+00 4.407491000000000270e+00
6.712857999999999770e+00 7.934268999999999572e+00 6.124609000000000414e+00
8.431093000000000615e+00 4.958117999999999803e+00 7.498240000000000016e+00
6.111603999999999814e+00 7.141760000000000330e-01 5.489962000000000231e+00
4.162353999999999665e+00 2.955907999999999980e+00 7.532398999999999845e+00
2.384256000000000153e+00 5.196228999999999765e+00 5.424657999999999980e+00
4.087668999999999997e+00 3.845242999999999967e+00 6.907649000000000150e+00
9.535754999999999981e+00 5.802217999999999876e+00 5.843865000000000087e+00
5.096403999999999712e+00 4.321613000000000149e+00 5.511886999999999759e+00
2.057113000000000191e+00 9.203609999999999403e+00 3.462740000000000151e+00
6.238709999999999534e-01 7.458406000000000091e+00 4.523996000000000350e+00
5.704691999999999652e+00 6.280750000000000499e-01 4.211776000000000408e+00
5.666014999999999802e+00 3.252488000000000046e+00 2.616067999999999838e+00
1.099800000000000083e-02 8.973356000000000776e+00 4.466950999999999894e+00
4.454579999999999984e+00 4.922851999999999784e+00 5.039197999999999844e+00
2.969558000000000142e+00 7.673873000000000388e+00 6.314699000000000062e+00
9.129110000000000724e+00 8.367404000000000508e+00 8.125904000000000238e+00
3.664724000000000093e+00 5.500776000000000110e+00 3.756562999999999874e+00
2.978368999999999822e+00 6.342303000000000246e+00 7.121205999999999925e+00
7.294666999999999568e+00 4.137445999999999735e+00 4.962811999999999557e+00
7.449453000000000102e+00 6.027237000000000400e+00 8.818635999999999697e+00
4.630351000000000106e+00 3.824243000000000059e+00 8.511575000000000557e+00
4.764852000000000309e+00 2.118564000000000114e+00 2.607924999999999827e+00
1.108424999999999994e+00 5.894175999999999860e+00 7.370800000000000018e+00
4.419152000000000413e+00 4.055588000000000193e+00 9.428435000000000343e+00
3.543518000000000168e+00 5.071431999999999718e+00 3.036990999999999996e+00
3.205467000000000066e+00 4.121901000000000259e+00 9.378987999999999658e+00
2.208136999999999794e+00 2.814836000000000116e+00 7.602313999999999794e+00
8.389614999999999156e+00 9.032788000000000039e+00 7.102085999999999899e+00
3.155247000000000135e+00 3.039588000000000179e+00 5.206832000000000349e+00
3.209738000000000202e+00 1.579028000000000098e+00 2.696194999999999897e+00
6.421560000000000379e+00 7.832595000000000418e+00 8.257384999999999309e+00
5.987441999999999709e+00 3.592658999999999825e+00 7.435716000000000214e+00
2.798182000000000169e+00 2.227916000000000007e+00 3.980370999999999881e+00
4.670226000000000433e+00 5.801211000000000340e+00 8.231536999999999438e+00
4.170729999999999826e+00 5.216245999999999938e+00 3.697597000000000023e+00
1.409500999999999893e+00 2.785474999999999923e+00 3.643961000000000006e+00
2.035153000000000212e+00 9.230691999999999453e+00 9.114418999999999826e+00
1.075930000000000053e+00 7.937206999999999901e+00 3.409618000000000038e+00
2.268686999999999898e+00 4.607313999999999687e+00 5.311690999999999718e+00
5.114476999999999940e+00 2.083023999999999987e+00 5.631469000000000058e+00
5.895266000000000339e+00 5.710035999999999667e+00 5.147790999999999784e+00
5.022609000000000101e+00 2.544659999999999922e+00 4.036398000000000152e+00
4.041947999999999652e+00 6.026978999999999864e+00 7.859262000000000192e+00
3.148468999999999962e+00 7.509191000000000393e+00 9.376699000000000339e+00
6.570758999999999794e+00 8.143822000000000116e+00 3.175552000000000152e+00
8.185491000000000739e+00 8.887981999999999161e+00 6.549064000000000441e+00
3.554037000000000113e+00 1.029376000000000069e+00 7.722069000000000294e+00
8.233862999999999488e+00 7.686448999999999643e+00 8.333788000000000196e+00
2.794080999999999815e+00 3.648546000000000067e+00 3.312317999999999873e+00
7.600098000000000020e+00 6.813168000000000113e+00 5.098429999999999573e+00
3.090857999999999883e+00 3.980719999999999814e+00 3.398937999999999793e+00
5.366281999999999996e+00 8.952714999999999534e+00 5.408592999999999762e+00
7.310023000000000160e+00 8.604229999999999379e+00 5.751304000000000194e+00
4.398784000000000027e+00 7.643359000000000236e+00 2.795026000000000010e+00
3.483073000000000086e+00 3.813433999999999990e+00 7.888241999999999976e+00
5.536978000000000399e+00 1.759331999999999896e+00 3.971023999999999887e+00
3.737972000000000072e+00 4.888170999999999822e+00 7.048427000000000220e+00
5.695985000000000298e+00 7.970442000000000249e+00 9.034119000000000455e+00
5.563132000000000410e+00 3.658758000000000177e+00 6.304877000000000287e+00
2.186154000000000153e+00 9.433621000000000478e+00 2.184088000000000029e+00
2.774534000000000056e+00 7.190688999999999886e+00 7.165810999999999709e+00
5.185820999999999792e+00 6.873088000000000086e+00 7.161520000000000330e+00
3.525259000000000142e+00 4.614824999999999733e+00 2.165986000000000189e+00
4.000284999999999869e+00 7.628918999999999784e+00 3.926700999999999997e+00
7.566054000000000279e+00 5.452551999999999843e+00 3.525907000000000124e+00
5.954544000000000281e+00 7.686520000000000019e-01 4.641804999999999737e+00
5.860114000000000267e+00 6.743597000000000286e+00 3.090930999999999873e+00
6.131364999999999732e+00 1.357658000000000031e+00 4.591016999999999904e+00
1.136276000000000064e+00 5.134171000000000262e+00 5.844018000000000157e+00
4.296105999999999980e+00 4.046458000000000332e+00 5.343685999999999936e+00
6.032748999999999917e+00 5.539244000000000057e+00 3.886493999999999893e+00
6.454323999999999728e+00 5.065705000000000346e+00 7.162174000000000262e+00
7.008529000000000231e+00 4.058203999999999922e+00 2.833117000000000107e+00
4.056989999999999874e+00 2.505431000000000186e+00 4.057872999999999841e+00
1.780902999999999903e+00 5.819068999999999825e+00 1.401561000000000057e+00
5.445605999999999725e+00 2.390455999999999914e+00 4.432693999999999690e+00
5.506228000000000122e+00 9.257370999999999128e+00 7.444385999999999726e+00
4.160098999999999769e+00 5.407937000000000438e+00 7.735559000000000296e+00
9.263132999999999839e+00 2.371437999999999935e+00 4.014291000000000054e+00
5.573177000000000270e+00 8.068818999999999519e+00 6.023740000000000094e+00
4.183997999999999884e+00 3.275428999999999924e+00 5.848783000000000065e+00
4.833504999999999718e+00 8.235604999999999620e+00 8.381719999999999615e+00
1.421610999999999958e+00 1.355571000000000081e+00 3.534752999999999812e+00
2.097701999999999956e+00 5.619021000000000043e+00 5.745642000000000138e+00
5.135998999999999981e+00 6.895871999999999780e+00 3.883512000000000075e+00
6.951245000000000118e+00 4.470430999999999599e+00 4.997920999999999836e+00
2.839529999999999887e+00 6.405123999999999818e+00 9.440108000000000388e+00
6.226785999999999710e+00 4.367576999999999821e+00 9.117022000000000403e+00
5.686137999999999693e+00 1.885429999999999939e+00 5.919902000000000442e+00
2.697337000000000096e+00 4.743252000000000024e+00 2.660572000000000159e+00
4.326572999999999780e+00 8.385377999999999332e+00 7.234859000000000151e+00
6.370764999999999567e+00 4.462546999999999819e+00 5.136161000000000421e+00
8.821109999999999784e-01 4.294683000000000028e+00 1.870706999999999898e+00
6.148719999999999963e+00 7.406034000000000006e+00 7.342394999999999783e+00
2.655234000000000094e+00 5.749722000000000222e+00 2.431665000000000187e+00
3.048008999999999968e+00 6.677745999999999960e+00 3.053837000000000135e+00
8.717627999999999489e+00 4.213371999999999673e+00 5.702634999999999899e+00
4.625731000000000037e+00 3.058208000000000037e+00 4.684421999999999642e+00
2.420441999999999982e+00 4.122497000000000078e+00 4.766075999999999979e+00
4.347902999999999629e+00 4.713072999999999624e+00 9.206267999999999674e+00
8.304975999999999914e+00 2.926846999999999976e+00 4.845868000000000286e+00
7.241670000000000051e+00 6.615820000000000256e+00 7.386453000000000380e+00
2.079253000000000018e+00 2.471728000000000147e+00 6.076425000000000409e+00
1.740445000000000020e+00 1.911132000000000053e+00 1.108519000000000032e+00
7.576661999999999786e+00 7.052585999999999800e+00 6.260638000000000147e+00
3.287983000000000100e+00 5.054391999999999996e+00 5.167703999999999631e+00
7.019876000000000005e+00 3.256171999999999844e+00 6.076012000000000413e+00
1.934114000000000111e+00 1.718339000000000061e+00 2.963210000000000122e+00
8.139027999999999707e+00 6.879355000000000331e+00 2.842900999999999900e+00
8.868149999999999977e+00 5.337171999999999805e+00 8.626768999999999465e+00
