2.218154297198547287e+00
1.261030573575372404e+00
2.149401857682365247e+00
8.908665983412253908e+00
2.964876564673913695e+00
1.110682446620276487e+00
2.408535459629990783e+01
4.874289274779177283e+00
2.221161673444735918e+00
1.508794128012111546e+00
2.498574802502252723e+00
1.806686509168856647e+00
2.489107053965108118e+00
1.089578967979359492e+00
2.194165418838705861e+00
5.510484759358989848e+00
1.358822596486267242e+00
3.018495132690727445e+00
8.829163662563097148e+00
2.037312542871990484e+00
1.487544062176546333e+00
3.316556416716278211e+00
2.656696045603553102e+00
1.136340639586590928e+00
1.505502497761350478e+00
3.952162065615579145e+00
7.219807537448688528e+00
1.256409897457220870e+00
2.390308270347753616e+00
1.480448874041177421e+00
2.044948425786546231e+00
1.406213442626915944e+00
1.366417618551912128e+00
1.065775736438996812e+00
1.219308607667082933e+00
1.594652417702222325e+00
2.915312197518881376e+00
2.922774762985848707e+00
2.541998467740518741e+00
1.330230230991363394e+00
6.732517066699752029e+00
1.457579933501629910e+01
1.740807060721845323e+00
3.955637783128532092e+00
2.318533774238148215e+00
1.654137182593135691e+00
4.647640137578743946e+00
2.548833252384003156e+00
3.402227386795995567e+00
1.858671623432654574e+00
1.565511642156080629e+00
8.939927549920387406e+00
1.347368274658001353e+00
2.132337105006047562e+00
1.257451768276192317e+00
1.434514538757849067e+00
2.044116331846174806e+00
1.599429737116383476e+00
1.319928423416707464e+00
1.532556830727718422e+00
2.871224122587062055e+01
1.345086324513244946e+00
2.169281770933268572e+00
1.228467071365591634e+00
1.617068896758910190e+00
2.360953666890922342e+00
1.172968270019667436e+01
3.465078151672660312e+00
3.861567509416992117e+00
4.010648663169325445e+00
1.835561541999010338e+00
5.218042721727730537e+00
1.624058276865896655e+00
2.238573834217913561e+00
1.905023720959850309e+01
7.315594424624255687e+00
2.016774768719145960e+00
4.039619654087988287e+00
3.466165965497598478e+00
4.447464617312901325e+00
1.728816063193089114e+00
1.991712837079748333e+00
6.321178591317416995e+00
5.792253074326586315e+00
1.496857108709623629e+00
1.810956314177550652e+00
1.626776183407494525e+00
1.223022318453272250e+00
2.932069346567264034e+00
1.050742964024737214e+00
3.235174362765221190e+00
2.020864266855459945e+00
1.881501312886366684e+00
2.649016708478316051e+00
2.297957444400281268e+00
4.952950159656216655e+00
4.248830861259607516e+00
1.278028662898410994e+00
1.874238883197749894e+00
2.800682068557488691e+00
1.118219028067298337e+00
1.073075734906530965e+00
2.089576066782488528e+00
1.139745413039435462e+01
3.219307517189659684e+00
1.419697034662294355e+00
7.553885929382357034e+00
1.926299318772153546e+00
1.584059646730174631e+00
2.808362249605928618e+00
1.758878771817629083e+00
3.431842003786456541e+00
1.084520489139756849e+00
7.369610096883413064e+00
2.949681913239078135e+00
7.415261450729686565e+00
3.971323698430953009e+00
2.142361060360191871e+01
1.183526350471455935e+00
7.965975017443742701e+00
2.734593923019371076e+01
1.736185231721698363e+00
2.416372227026450936e+00
2.257646895572492873e+00
1.040322073375154810e+00
5.860952698106630443e+00
1.620517687378289162e+00
1.284188711304846020e+00
4.956081852779215424e+00
9.406785518354928044e+00
1.383963298029129874e+00
3.629873587396327927e+00
7.087854579981352821e+00
2.250320087525980028e+01
2.002300358376302380e+00
1.096477100081338696e+00
1.965739563231376552e+00
1.885283481242326031e+00
5.521237579074452562e+00
1.731105250914159122e+00
1.777639205202224071e+00
3.551560338570893816e+00
1.526297159538522186e+00
5.201550916607950548e+00
1.953793634944204438e+00
1.640196740117188767e+01
1.053093470326447401e+00
1.679866162663352869e+00
4.704619153706871337e+00
1.699891069554624767e+00
1.287514791732155217e+00
5.087309878641038452e+00
1.146142298402819781e+00
5.543348721913875288e+00
1.226649880283971816e+00
1.439715131217381039e+00
2.794924778383740094e+00
2.916950347669998944e+00
2.418414925977117935e+00
7.082199146700380865e+00
2.665208697536440852e+00
5.192849841137694433e+00
1.395378995101966169e+00
4.431309096022077121e+00
3.414055364789582825e+01
2.235730940413669821e+00
1.166087374181056369e+01
3.965151615468904822e+00
1.942773209976831561e+00
1.201195929578675603e+00
1.694959024953335947e+00
2.024505711349456405e+01
1.774249463609985700e+00
2.742066373499879361e+00
1.125563564683622397e+00
2.139508239376946008e+01
4.057902444280084175e+00
4.206333763884563481e+00
2.355566200267543042e+00
5.307181289712525896e+00
1.171847543485038168e+00
3.782301301793376425e+00
4.343427842066862610e+00
1.943195986577207046e+00
5.653939777924657406e+00
1.142680396647354435e+00
3.627595057207803286e+00
1.688676364062170698e+00
3.096911032345461834e+00
1.469283987533507485e+01
5.009157485865379122e+00
1.824132160495630650e+00
1.673627679054506379e+00
6.124557314705786126e+00
8.599379246653004571e+00
2.462801464213366653e+00
1.979493179537443970e+00
9.314686203886459737e+00
1.267176875758342591e+00
3.117968162074305827e+00
1.675592522716679866e+01
1.604030453634904818e+00
2.050470438200636014e+00
2.268064883132607346e+00
1.843249564422670073e+00
3.236402480175889274e+00
5.165728426596269074e+00
1.573087247126540911e+00
2.550507427301685226e+00
3.830490393749658828e+00
3.253205816237743520e+00
6.110444904120474696e+00
1.636046516515582194e+00
1.735209661865682262e+00
2.735725498504804509e+00
1.140024201861241870e+00
5.977582331880419986e+00
2.475747625625022597e+00
7.831897615088656117e+00
9.583417827860719385e+00
1.790330896043783371e+00
2.170603338942891369e+00
1.728677093867247194e+01
1.721812314935196708e+00
1.553798344815659149e+00
3.723174371885048295e+00
2.743047215351906321e+00
3.197677942046376121e+00
1.427343261157076881e+00
2.974581198698021289e+00
1.377827294454939455e+00
1.786365152985640137e+00
9.219777302920594053e+00
3.585188962742165142e+00
2.598899250730779542e+00
1.603257137726977755e+00
1.680374887597404499e+00
1.053999138266525915e+00
3.294263276675113872e+00
5.899802152560034152e+00
2.395260283545925351e+00
1.261735363397489706e+00
1.207357053662378554e+00
3.076753031415549788e+00
8.162091262985937234e+00
3.090683644405090025e+00
2.804148668776069275e+00
7.001327852677875718e+00
8.271425012323851078e+00
2.095684401607369463e+00
2.344694032475731493e+00
8.246893013258278060e+00
4.862099827480594882e+00
3.524526029690508988e+00
1.966149643097299116e+00
3.374871119959860888e+00
4.077595543293627500e+00
1.916862459309200295e+00
3.680635800589774576e+00
2.153797889116046971e+00
3.836124889265750237e+00
3.350970872930414846e+00
2.924666067412293291e+00
2.760443911879451928e+00
5.466432569673907338e+00
1.511023816647697693e+01
2.509782261432062711e+01
5.623323811759089352e+00
2.948786820580225676e+00
2.623794860185484357e+00
2.341876843024376598e+00
4.859595172605730262e+00
4.544313235135031448e+01
6.114011448468865240e+00
4.632949919092359536e+00
2.115943316748906788e+00
2.885016326825717847e+00
3.586196485230699338e+00
5.154760736871445204e+00
2.209176636290994011e+01
1.491039179709668039e+00
2.927254413447703651e+00
1.212953176696618485e+01
4.664386162096713306e+00
4.237572117399945881e+00
4.058411238981673996e+00
2.130962923829251565e+00
1.124263532812297406e+00
1.727599024726681032e+00
9.544824477523881967e+00
2.375236940088663040e+00
4.505000466650138868e+00
1.471080749291581613e+00
3.447624464866982930e+00
1.143665076462503150e+00
1.368479270561502315e+00
1.251441561569038186e+00
2.879488881091711860e+00
2.178266509684735119e+00
2.575144046708502277e+00
5.399302970602869678e+00
1.167159947441995804e+00
2.322554219716261414e+00
3.072508783410659472e+00
2.069491096052723744e+00
9.752638107352433749e+00
1.762261362495326722e+01
5.007103888492102861e+00
3.270049813671410011e+00
2.777720405699347417e+00
4.286846278409144340e+00
1.695687927954895313e+00
5.918357939586909033e+00
3.693504554888921376e+00
6.705279060644205202e+00
5.338302560297030652e+00
2.863876664618875800e+00
2.103649408142919341e+00
5.321094422224653897e+00
2.420401145539956556e+00
4.336287930488781583e+00
3.772005284133516767e+00
8.906267942429865414e+00
1.840387987790904400e+00
2.101580111134034201e+00
8.325179887726235961e+00
2.896287792173361186e+00
1.255286434398156459e+00
6.207086073349703526e+00
1.240392804596798459e+00
5.964858023030413570e+00
1.401644481297423139e+00
2.042191363508248259e+00
1.257457802842989913e+00
6.000074064754406855e+00
4.816102615515762686e+00
1.879205482428239149e+00
1.752376651950038555e+00
1.365302065491018801e+01
1.764398376143119007e+00
1.997972674625536627e+00
2.462282333698787795e+00
9.878751480262689455e+00
5.821298730158249057e+00
2.861509832713486912e+00
1.306737796217570802e+00
1.973075369106195076e+00
2.745786736808057960e+00
2.341412580288483536e+00
5.436737444827691057e+00
2.038687831534770289e+00
3.476210124326573947e+00
2.885561298310901801e+00
5.882556582195684669e+00
9.710582377472867677e+00
4.490387031659891726e+00
1.855591991063342050e+00
3.483767042234491296e+00
1.578626158253973122e+00
2.291836540061391148e+00
1.385727829747408935e+00
2.498864707527526541e+00
2.437509291052827987e+00
3.575276836622169441e+00
1.469749423502704211e+00
1.862304948441747987e+00
7.422995865310671348e+00
2.142939394769358685e+00
2.345571717256921040e+00
2.499549596241179561e+00
1.498902896232196857e+00
1.652075486507642355e+00
1.735164704916857925e+00
2.669765903561406528e+00
1.384616388247864593e+00
2.543357802666645462e+00
1.833012940435810423e+00
8.625212781857301891e+00
2.407956922727277238e+00
2.757392293796561589e+00
1.876592861000359491e+00
1.749222957210900820e+00
2.450321492754224728e+00
7.826182850163315052e+00
2.189658179554370587e+00
4.296437743407927279e+00
4.668442140361110049e+00
1.271374981663992987e+00
1.343458668205060436e+00
2.307907293414605654e+00
2.673829631381402727e+00
4.002118923472601786e+00
4.644466809245481720e+00
2.383902025329565522e+00
1.720870725089798992e+00
1.561076357635756695e+00
5.426548436343413329e+00
1.057949809071407676e+00
9.124374025099717400e+00
7.084303973464239235e+00
4.796573936393918380e+00
2.044386973877241775e+00
2.345681465430024915e+01
1.023630447805202515e+00
2.709744726835223272e+00
1.884755056188642541e+01
1.319775566012678647e+00
2.215153528361617941e+00
1.593236774757487817e+00
5.270950232678101699e+00
2.896233260952643551e+00
2.986582514162775315e+00
5.243755390889147883e+00
4.956631141914779271e+00
1.591111582698350402e+00
5.928673176485509622e+00
4.432895779750033682e+00
1.188341984680871377e+01
1.757038195369091671e+00
4.794290001627867781e+00
4.879271969006707899e+00
1.980471830516022269e+00
2.861974819730941810e+00
2.355296211477991619e+00
1.208551904063033255e+00
4.566527984384753047e+00
2.855758876707611549e+01
7.745169883959454715e+00
1.810979870806497471e+00
1.994884185515527486e+00
1.107044437672737525e+00
1.718619561436754983e+00
2.173148405367717917e+00
9.176693439936473240e+00
3.354212726688460044e+00
8.401385640787333742e+00
7.018708810492767292e+00
9.146291331753253928e+00
2.096032483978503169e+00
2.170158752723970075e+00
1.755293717373947127e+00
3.399473778000434265e+00
4.275909953449393619e+00
2.567711946922711874e+00
2.522648284726098034e+00
2.509714375629368721e+00
1.558137268136670528e+00
7.122745856194995007e+00
1.341809774289425272e+00
1.546491759276562306e+01
3.025303529028434468e+00
1.873478557254606880e+00
2.234801306356593020e+00
2.009461318321458911e+00
2.003228520872352370e+00
4.339088024618387607e+00
1.776693184828196381e+00
3.129159349245880684e+00
3.336958210673924619e+00
1.124923087894654783e+00
1.224168801871309720e+00
1.683277728005712293e+00
2.112606306762526476e+00
1.861830199613570436e+00
6.391787254088871606e+00
1.768018681292753636e+00
6.489074896657127667e+00
1.894270301159080683e+00
7.515542577247751765e+00
2.288001175738331838e+00
1.400149215840953199e+00
5.377887312755813554e+00
8.882882089761460875e+00
2.052842377954740005e+00
1.454849816237268723e+00
1.372726839242583985e+00
7.561125754415981781e+00
4.256435601504944266e+00
2.345035195612090728e+00
2.317032873108924473e+00
3.656110610338107580e+00
1.184847640325062734e+00
8.227422349348529451e+00
2.625300564625159705e+00
2.663388475068236616e+00
2.235340852110772936e+00
3.168663785502452868e+00
1.366344028630084306e+00
1.781676362042581063e+00
4.041592712298807122e+00
3.255205768741250782e+00
2.782130832223314254e+00
3.458031002294701395e+00
1.539563194968164161e+01
2.602017929542652208e+00
1.255512766129864621e+00
1.895717769279337439e+00
6.571780203654761010e+00
4.034668199038060621e+00
8.781165082821118517e+00
